# Migration is number of nodes that have changed color.

Round		Edge-Cut		Swaps		Migrations		Skipped
0		6587		4583		2782
1		5713		8975		3073
2		5194		13297		3212
3		4840		17522		3245
4		4495		21785		3304
5		4308		26009		3307
6		4140		30194		3307
7		3999		34388		3294
8		3952		38541		3318
9		3696		42725		3338
10		3549		46849		3337
11		3515		50954		3353
12		3465		55066		3357
13		3397		59208		3376
14		3351		63299		3379
15		3254		67407		3368
16		3230		71508		3388
17		3171		75567		3374
18		3085		79645		3370
19		3027		83665		3383
20		2981		87747		3382
21		2901		91819		3412
22		2960		95884		3402
23		2933		99936		3408
24		2954		104025		3424
25		2804		108085		3396
26		2760		112139		3397
27		2728		116230		3399
28		2687		120266		3424
29		2675		124279		3415
30		2676		128291		3413
31		2671		132320		3414
32		2717		136360		3439
33		2687		140400		3433
34		2660		144445		3448
35		2647		148487		3448
36		2620		152540		3453
37		2580		156566		3435
38		2595		160602		3435
39		2558		164656		3439
40		2549		168701		3446
41		2495		172726		3438
42		2428		176767		3420
43		2416		180795		3426
44		2398		184801		3435
45		2428		188785		3438
46		2421		192812		3468
47		2448		196845		3455
48		2384		200869		3468
49		2368		204872		3451
50		2365		208904		3465
51		2395		212904		3473
52		2371		216838		3468
53		2318		220892		3467
54		2280		224901		3478
55		2269		228908		3472
56		2277		232938		3462
57		2216		236976		3479
58		2179		241023		3472
59		2171		244994		3482
60		2165		248969		3481
61		2123		252995		3481
62		2121		256987		3478
63		2167		260983		3483
64		2195		264953		3490
65		2236		268932		3496
66		2205		272934		3466
67		2190		276933		3477
68		2209		280962		3468
69		2249		284968		3481
70		2233		288976		3481
71		2223		292957		3479
72		2244		296959		3483
73		2110		300979		3476
74		2109		304987		3487
75		2076		308965		3501
76		2078		313001		3483
77		2060		316989		3499
78		2051		320987		3490
79		1983		324957		3488
80		2013		328926		3481
81		1978		332910		3479
82		1983		336908		3468
83		1962		340923		3472
84		1940		344931		3466
85		1958		348899		3473
86		1889		352891		3470
87		1853		356864		3476
88		1846		360821		3476
89		1859		364835		3474
90		1893		368783		3462
91		1872		372713		3447
92		1908		376703		3458
93		1899		380704		3472
94		1890		384646		3472
95		1934		388640		3468
96		1958		392604		3481
97		1937		396616		3469
98		1882		400523		3464
99		1878		404509		3479
100		1892		408474		3467
101		1854		412459		3482
102		1858		416482		3473
103		1805		420462		3464
104		1773		424462		3464
105		1780		428461		3463
106		1763		432455		3472
107		1763		436443		3478
108		1734		440407		3461
109		1707		444336		3462
110		1712		448248		3456
111		1693		452243		3464
112		1715		456243		3486
113		1710		460213		3484
114		1733		464176		3467
115		1723		468153		3475
116		1720		472116		3445
117		1707		476122		3455
118		1714		480058		3458
119		1698		484038		3457
120		1681		488007		3462
121		1652		492001		3451
122		1659		495900		3464
123		1672		499844		3454
124		1689		503807		3470
125		1709		507779		3468
126		1726		511715		3467
127		1760		515638		3462
128		1758		519647		3459
129		1777		523627		3484
130		1790		527591		3474
131		1764		531566		3474
132		1759		535558		3482
133		1744		539551		3464
134		1756		543521		3465
135		1739		547540		3472
136		1747		551528		3468
137		1747		555498		3455
138		1751		559411		3461
139		1785		563392		3465
140		1786		567392		3455
141		1749		571405		3465
142		1823		575376		3471
143		1875		579357		3473
144		1847		583362		3475
145		1848		587396		3476
146		1870		591379		3478
147		1839		595377		3471
148		1762		599343		3494
149		1760		603299		3483
150		1734		607302		3495
151		1722		611272		3476
152		1758		615269		3481
153		1742		619208		3486
154		1750		623190		3474
155		1735		627164		3466
156		1723		631151		3471
157		1679		635076		3464
158		1647		639002		3483
159		1619		642957		3482
160		1594		646927		3461
161		1621		650907		3458
162		1635		654897		3467
163		1593		658872		3466
164		1596		662819		3471
165		1568		666763		3473
166		1539		670716		3465
167		1506		674660		3461
168		1532		678623		3463
169		1480		682571		3470
170		1516		686502		3464
171		1555		690486		3464
172		1569		694445		3467
173		1566		698366		3465
174		1552		702303		3459
175		1543		706274		3470
176		1562		710234		3467
177		1581		714188		3477
178		1585		718133		3457
179		1573		722076		3465
180		1608		726014		3463
181		1613		729931		3460
182		1619		733905		3463
183		1597		737861		3472
184		1573		741876		3477
185		1551		745871		3470
186		1533		749802		3477
187		1460		753772		3470
188		1467		757759		3474
189		1465		761663		3475
190		1452		765579		3478
191		1475		769553		3482
192		1493		773494		3477
193		1513		777436		3492
194		1512		781390		3497
195		1519		785377		3487
196		1517		789357		3487
197		1506		793333		3486
198		1493		797295		3478
199		1475		801197		3484
200		1484		805203		3481
201		1467		809175		3471
202		1483		813118		3474
203		1482		817103		3472
204		1448		821054		3469
205		1440		825043		3484
206		1444		828988		3474
207		1400		832912		3474
208		1418		836808		3484
209		1456		840738		3495
210		1461		844716		3502
211		1461		848653		3486
212		1412		852572		3495
213		1400		856543		3491
214		1417		860472		3480
215		1440		864368		3481
216		1442		868348		3487
217		1402		872307		3498
218		1380		876280		3497
219		1356		880181		3492
220		1362		884118		3509
221		1380		888053		3501
222		1331		892018		3495
223		1317		895937		3504
224		1354		899845		3499
225		1357		903810		3493
226		1394		907760		3484
227		1389		911694		3496
228		1373		915644		3493
229		1430		919567		3491
230		1425		923512		3488
231		1452		927441		3492
232		1444		931385		3488
233		1463		935322		3500
234		1446		939274		3506
235		1428		943204		3507
236		1412		947185		3511
237		1423		951116		3504
238		1455		955073		3511
239		1467		959033		3518
240		1476		962942		3513
241		1470		966879		3509
242		1469		970805		3501
243		1435		974749		3502
244		1435		978720		3512
245		1451		982711		3510
246		1425		986666		3515
247		1391		990604		3504
248		1386		994555		3504
249		1390		998505		3492
250		1371		1002488		3495
251		1359		1006426		3506
252		1351		1010357		3503
253		1333		1014318		3506
254		1317		1018259		3497
255		1270		1022180		3494
256		1258		1026099		3490
257		1233		1030020		3500
258		1243		1033955		3492
259		1264		1037860		3488
260		1260		1041764		3479
261		1270		1045727		3485
262		1252		1049637		3490
263		1252		1053590		3489
264		1232		1057441		3492
265		1228		1061364		3499
266		1209		1065277		3491
267		1189		1069192		3490
268		1187		1073078		3490
269		1189		1077027		3496
270		1177		1080935		3487
271		1209		1084864		3492
272		1198		1088797		3498
273		1197		1092711		3493
274		1203		1096665		3483
275		1210		1100538		3480
276		1246		1104412		3489
277		1234		1108359		3496
278		1217		1112297		3492
279		1224		1116204		3504
280		1222		1120137		3500
281		1209		1124086		3501
282		1237		1128034		3500
283		1220		1131997		3502
284		1205		1135934		3501
285		1188		1139827		3508
286		1205		1143749		3491
287		1210		1147651		3495
288		1196		1151569		3506
289		1188		1155447		3506
290		1160		1159305		3519
291		1153		1163248		3516
292		1170		1167163		3504
293		1174		1171096		3505
294		1172		1175016		3503
295		1173		1178962		3512
296		1189		1182854		3505
297		1191		1186824		3501
298		1189		1190736		3493
299		1191		1194678		3500
300		1185		1198597		3498
301		1188		1202483		3511
302		1191		1206381		3514
303		1176		1210285		3508
304		1172		1214218		3501
305		1140		1218095		3500
306		1139		1222040		3507
307		1121		1225969		3499
308		1117		1229835		3503
309		1124		1233751		3503
310		1130		1237703		3499
311		1132		1241635		3501
312		1131		1245536		3507
313		1141		1249462		3494
314		1137		1253368		3500
315		1181		1257256		3510
316		1181		1261110		3516
317		1194		1265009		3505
318		1191		1268924		3512
319		1169		1272883		3503
320		1176		1276806		3503
321		1166		1280754		3505
322		1150		1284700		3498
323		1126		1288633		3507
324		1116		1292508		3503
325		1121		1296432		3515
326		1136		1300348		3500
327		1120		1304262		3503
328		1115		1308172		3503
329		1118		1312146		3508
330		1124		1316052		3499
331		1112		1319962		3503
332		1108		1323893		3499
333		1095		1327821		3495
334		1079		1331763		3505
335		1082		1335687		3502
336		1084		1339620		3501
337		1089		1343473		3497
338		1085		1347393		3499
339		1072		1351315		3501
340		1058		1355246		3497
341		1062		1359122		3490
342		1064		1363050		3489
343		1055		1366935		3492
344		1052		1370840		3502
345		1048		1374721		3505
346		1059		1378597		3498
347		1053		1382505		3496
348		1051		1386394		3494
349		1061		1390326		3500
350		1070		1394223		3503
351		1058		1398115		3494
352		1057		1402041		3493
353		1060		1405927		3497
354		1050		1409823		3492
355		1074		1413728		3499
356		1069		1417612		3507
357		1060		1421548		3503
358		1042		1425403		3503
359		1048		1429307		3500
360		1070		1433175		3513
361		1090		1437143		3507
362		1090		1441065		3505
363		1100		1444947		3499
364		1089		1448834		3501
365		1070		1452696		3496
366		1069		1456599		3498
367		1060		1460498		3502
368		1062		1464424		3503
369		1054		1468332		3501
370		1067		1472231		3500
371		1069		1476156		3496
372		1103		1480050		3492
373		1084		1483967		3484
374		1080		1487870		3490
375		1099		1491737		3492
376		1127		1495636		3493
377		1140		1499572		3495
378		1133		1503543		3498
379		1147		1507484		3490
380		1137		1511391		3473
381		1117		1515264		3481
382		1112		1519185		3483
383		1109		1523066		3475
384		1111		1527004		3479
385		1123		1530891		3478
386		1135		1534791		3477
387		1141		1538672		3472
388		1133		1542598		3473
389		1119		1546518		3487
390		1139		1550419		3474
391		1146		1554353		3480
392		1121		1558281		3479
393		1136		1562217		3471
394		1127		1566124		3475
395		1111		1570055		3475
396		1100		1573978		3478
397		1120		1577918		3479
398		1103		1581874		3486
399		1107		1585776		3490
400		1091		1589723		3489
401		1056		1593583		3485
402		1038		1597524		3480
403		1051		1601441		3487
404		1051		1605373		3485
405		1066		1609272		3488
406		1057		1613175		3477
407		1058		1617074		3474
408		1069		1621004		3483
409		1051		1624893		3481
410		1048		1628788		3477
411		1039		1632737		3484
412		1052		1636663		3475
413		1057		1640564		3484
414		1060		1644504		3481
415		1056		1648402		3479
416		1072		1652319		3479
417		1070		1656227		3483
418		1073		1660182		3482
419		1059		1664118		3479
420		1060		1668031		3488
421		1054		1671951		3481
422		1050		1675827		3490
423		1053		1679771		3476
424		1045		1683653		3473
425		1023		1687559		3470
426		1031		1691431		3475
427		1039		1695327		3468
428		1052		1699225		3477
429		1030		1703145		3472
430		1049		1707011		3477
431		1053		1710893		3475
432		1064		1714837		3478
433		1050		1718766		3476
434		1048		1722663		3474
435		1043		1726560		3473
436		1040		1730499		3480
437		1047		1734428		3478
438		1043		1738298		3478
439		1048		1742201		3482
440		1036		1746101		3480
441		1021		1750025		3490
442		1014		1753927		3492
443		1012		1757831		3494
444		1016		1761741		3487
445		1015		1765654		3488
446		1022		1769549		3486
447		1028		1773506		3486
448		1004		1777450		3493
449		1023		1781365		3490
450		1013		1785292		3494
451		994		1789180		3491
452		1013		1793069		3490
453		1007		1796969		3483
454		1020		1800890		3485
455		998		1804809		3482
456		988		1808704		3482
457		1000		1812620		3482
458		1007		1816520		3491
459		990		1820392		3488
460		995		1824322		3492
461		994		1828264		3488
462		983		1832186		3487
463		993		1836125		3477
464		986		1840051		3485
465		1008		1843940		3478
466		1003		1847820		3469
467		1017		1851724		3475
468		1023		1855609		3480
469		1031		1859528		3475
470		1036		1863442		3468
471		1014		1867328		3471
472		1001		1871264		3468
473		970		1875178		3465
474		979		1879121		3467
475		976		1883029		3464
476		999		1886901		3472
477		980		1890834		3486
478		985		1894746		3482
479		976		1898627		3483
480		993		1902548		3488
481		1003		1906487		3496
482		991		1910419		3491
483		982		1914348		3492
484		1001		1918287		3489
485		972		1922216		3496
486		952		1926095		3502
487		956		1930009		3501
488		960		1933914		3497
489		972		1937824		3494
490		960		1941765		3496
491		960		1945662		3492
492		971		1949601		3488
493		968		1953520		3487
494		956		1957443		3489
495		972		1961361		3479
496		974		1965326		3482
497		984		1969262		3476
498		968		1973157		3485
499		947		1977084		3480
500		939		1980994		3482
501		925		1984856		3487
502		907		1988765		3486
503		876		1992711		3485
504		875		1996620		3487
505		882		2000530		3492
506		876		2004385		3491
507		870		2008302		3486
508		868		2012170		3486
509		868		2016097		3493
510		874		2019979		3495
511		880		2023897		3493
512		882		2027812		3495
513		890		2031697		3497
514		890		2035556		3498
515		885		2039463		3500
516		893		2043360		3500
517		882		2047255		3507
518		867		2051177		3504
519		856		2055057		3500
520		859		2058972		3501
521		855		2062899		3499
522		859		2066797		3501
523		869		2070699		3497
524		883		2074564		3496
525		882		2078442		3496
526		874		2082358		3501
527		862		2086249		3494
528		874		2090181		3496
529		878		2094150		3491
530		893		2098059		3493
531		879		2101909		3493
532		873		2105826		3491
533		875		2109711		3490
534		888		2113585		3486
535		892		2117521		3487
536		891		2121409		3482
537		872		2125345		3482
538		883		2129254		3485
539		870		2133157		3474
540		864		2137072		3478
541		867		2140954		3477
542		865		2144853		3481
543		855		2148718		3484
544		853		2152603		3488
545		841		2156473		3491
546		839		2160348		3489
547		836		2164256		3492
548		840		2168158		3489
549		840		2172041		3487
550		842		2175926		3491
551		836		2179831		3492
552		846		2183678		3497
553		856		2187564		3496
554		860		2191472		3495
555		850		2195351		3499
556		857		2199244		3498
557		864		2203110		3493
558		869		2206971		3494
559		863		2210908		3495
560		853		2214769		3498
561		858		2218653		3490
562		868		2222511		3488
563		866		2226432		3486
564		876		2230334		3493
565		878		2234187		3488
566		884		2238129		3489
567		876		2242028		3488
568		869		2245917		3491
569		867		2249842		3497
570		862		2253708		3494
571		862		2257596		3495
572		868		2261485		3496
573		871		2265329		3493
574		883		2269169		3492
575		874		2273062		3494
576		869		2276949		3497
577		869		2280828		3499
578		861		2284713		3499
579		864		2288650		3501
580		863		2292531		3496
581		870		2296432		3491
582		884		2300334		3498
583		887		2304226		3492
584		882		2308085		3499
585		888		2312004		3499
586		893		2315909		3505
587		897		2319795		3503
588		880		2323684		3501
589		886		2327599		3507
590		889		2331471		3513
591		887		2335404		3512
592		883		2339346		3511
593		881		2343245		3510
594		874		2347116		3509
595		879		2351012		3506
596		877		2354910		3510
597		866		2358812		3505
598		868		2362708		3507
599		870		2366601		3502
600		861		2370533		3501
601		856		2374444		3501
602		863		2378352		3498
603		867		2382218		3504
604		864		2386070		3503
605		860		2389952		3498
606		853		2393798		3497
607		856		2397710		3499
608		851		2401597		3495
609		851		2405470		3494
610		844		2409319		3492
611		830		2413264		3495
612		834		2417120		3495
613		834		2421030		3490
614		833		2424945		3490
615		826		2428813		3492
616		830		2432718		3490
617		821		2436648		3489
618		821		2440503		3490
619		821		2444397		3491
620		829		2448267		3492
621		829		2452172		3496
622		836		2456061		3492
623		831		2459931		3492
624		829		2463835		3491
625		831		2467754		3490
626		832		2471629		3489
627		821		2475521		3490
628		824		2479457		3491
629		827		2483359		3486
630		830		2487232		3485
631		828		2491137		3484
632		824		2495008		3483
633		827		2498902		3482
634		827		2502811		3485
635		825		2506710		3490
636		825		2510553		3487
637		825		2514452		3484
638		815		2518354		3486
639		799		2522239		3485
640		801		2526089		3487
641		798		2529966		3484
642		792		2533867		3480
643		793		2537774		3484
644		791		2541656		3487
645		790		2545547		3487
646		786		2549467		3488
647		789		2553387		3491
648		788		2557248		3495
649		789		2561151		3492
650		783		2565042		3492
651		772		2568943		3492
652		773		2572797		3493
653		773		2576712		3494
654		776		2580618		3498
655		770		2584505		3493
656		768		2588379		3494
657		766		2592261		3497
658		767		2596196		3495
659		764		2600075		3492
660		752		2603957		3493
661		755		2607830		3493
662		757		2611709		3491
663		760		2615535		3494
664		761		2619423		3502
665		755		2623316		3498
666		755		2627196		3499
667		752		2631103		3497
668		755		2634997		3494
669		756		2638861		3495
670		748		2642759		3494
671		743		2646648		3493
672		743		2650496		3492
673		744		2654394		3493
674		739		2658293		3494
675		740		2662154		3494
676		738		2666072		3493
677		728		2669922		3495
678		729		2673822		3497
679		729		2677669		3496
680		727		2681527		3495
681		724		2685399		3494
682		721		2689218		3495
683		723		2693129		3496
684		725		2697011		3494
685		727		2700912		3496
686		725		2704793		3496
687		725		2708695		3496
688		725		2712591		3496
689		719		2716411		3494
690		721		2720309		3494
691		724		2724233		3493
692		724		2728092		3493
693		718		2732019		3500
694		723		2735913		3503
695		726		2739855		3505
696		726		2743741		3506
697		726		2747614		3507
698		727		2751465		3507
699		728		2755329		3510
700		728		2759241		3508
701		730		2763111		3508
702		733		2766989		3508
703		734		2770906		3510
704		728		2774799		3509
705		729		2778710		3508
706		729		2782542		3508
707		729		2786455		3508
708		729		2790342		3508
709		729		2794230		3510
710		730		2798092		3510
711		730		2801998		3511
712		728		2805880		3512
713		726		2809734		3507
714		725		2813617		3506
715		723		2817536		3506
716		720		2821421		3504
717		716		2825327		3504
718		719		2829234		3506
719		720		2833127		3506
720		721		2837030		3504
721		721		2840926		3503
722		721		2844817		3505
723		720		2848722		3505
724		720		2852575		3505
725		721		2856482		3506
726		721		2860356		3507
727		718		2864221		3506
728		716		2868103		3504
729		717		2871983		3503
730		718		2875862		3504
731		717		2879751		3504
732		717		2883675		3503
733		715		2887579		3499
734		718		2891448		3501
735		715		2895368		3499
736		711		2899281		3501
737		712		2903171		3501
738		710		2907073		3501
739		708		2910959		3502
740		710		2914876		3503
741		707		2918754		3501
742		707		2922602		3501
743		707		2926479		3501
744		708		2930383		3501
745		710		2934288		3500
746		711		2938201		3499
747		711		2942097		3499
748		712		2945970		3500
749		714		2949907		3500
750		710		2953814		3503
751		709		2957757		3503
752		710		2961667		3504
753		710		2965599		3504
754		710		2969487		3504
755		710		2973374		3504
756		709		2977276		3502
757		709		2981186		3503
758		709		2984996		3502
759		709		2988872		3501
760		709		2992739		3501
761		709		2996584		3502
762		708		3000463		3502
763		706		3004315		3502
764		707		3008230		3503
765		709		3012117		3503
766		709		3016006		3502
767		711		3019869		3501
768		711		3023773		3501
769		713		3027669		3498
770		713		3031566		3499
771		713		3035413		3498
772		713		3039304		3499
773		713		3043154		3499
774		711		3047036		3499
775		713		3050942		3497
776		713		3054856		3497
777		713		3058705		3496
778		709		3062611		3496
779		712		3066441		3496
780		712		3070339		3495
781		715		3074238		3493
782		715		3078153		3492
783		717		3082033		3490
784		714		3085903		3489
785		712		3089819		3488
786		712		3093695		3487
787		711		3097564		3488
788		712		3101384		3487
789		708		3105249		3485
790		708		3109117		3485
791		709		3112954		3486
792		708		3116847		3485
793		708		3120756		3485
794		705		3124637		3483
795		706		3128573		3482
796		706		3132440		3478
797		706		3136311		3478
798		707		3140171		3477
799		708		3144030		3478
800		708		3147887		3477
801		706		3151758		3481
802		705		3155613		3480
803		705		3159439		3482
804		705		3163337		3482
805		707		3167255		3482
806		707		3171154		3482
807		706		3175053		3482
808		704		3178921		3481
809		704		3182847		3480
810		704		3186740		3480
811		704		3190605		3481
812		703		3194510		3480
813		704		3198413		3480
814		704		3202282		3481
815		704		3206187		3481
816		705		3210036		3481
817		701		3213954		3482
818		701		3217816		3482
819		701		3221721		3482
820		700		3225625		3482
821		701		3229518		3483
822		701		3233390		3483
823		702		3237265		3484
824		698		3241140		3483
825		698		3245009		3482
826		695		3248894		3482
827		691		3252785		3483
828		691		3256702		3483
829		691		3260598		3484
830		688		3264484		3483
831		688		3268381		3483
832		691		3272298		3483
833		690		3276195		3484
834		690		3280078		3482
835		690		3283909		3482
836		691		3287755		3478
837		691		3291647		3478
838		687		3295542		3477
839		686		3299467		3476
840		686		3303336		3476
841		683		3307236		3477
842		683		3311095		3477
843		681		3314945		3477
844		681		3318855		3477
845		681		3322715		3477
846		681		3326577		3478
847		681		3330438		3479
848		681		3334293		3479
849		681		3338180		3478
850		679		3342073		3479
851		679		3345978		3479
852		679		3349856		3479
853		679		3353726		3479
854		679		3357628		3479
855		679		3361569		3479
856		679		3365399		3479
857		679		3369287		3479
858		679		3373216		3479
859		679		3377100		3479
860		679		3380975		3479
861		679		3384867		3479
862		679		3388719		3479
863		679		3392560		3480
864		679		3396395		3477
865		679		3400287		3477
866		679		3404157		3478
867		679		3408068		3478
868		677		3411933		3479
869		677		3415841		3479
870		675		3419713		3479
871		676		3423598		3480
872		676		3427452		3479
873		676		3431336		3481
874		674		3435203		3482
875		674		3439095		3482
876		673		3442985		3481
877		669		3446863		3483
878		669		3450742		3483
879		669		3454637		3481
880		669		3458528		3481
881		669		3462403		3481
882		669		3466278		3481
883		669		3470126		3481
884		669		3474058		3481
885		669		3477961		3481
886		667		3481884		3482
887		667		3485787		3482
888		667		3489633		3482
889		667		3493478		3482
890		667		3497324		3482
891		667		3501201		3482
892		667		3505112		3482
893		667		3508994		3481
894		667		3512933		3481
895		667		3516812		3481
896		667		3520701		3482
897		667		3524575		3482
898		665		3528487		3481
899		664		3532337		3482
900		664		3536137		3482
901		664		3539991		3483
902		664		3543874		3484
903		664		3547767		3484
904		664		3551695		3483
905		664		3555577		3483
906		664		3559465		3482
907		664		3563335		3482
908		664		3567282		3483
909		664		3571159		3484
910		664		3575013		3483
911		664		3578906		3479
912		664		3582815		3480
913		664		3586674		3481
914		664		3590531		3481
915		663		3594423		3480
916		663		3598289		3480
917		663		3602153		3480
918		663		3606064		3480
919		663		3609939		3480
920		663		3613812		3479
921		663		3617692		3479
922		663		3621585		3479
923		663		3625423		3479
924		663		3629325		3480
925		663		3633179		3483
926		663		3637066		3484
927		663		3640930		3483
928		663		3644830		3483
929		661		3648711		3482
930		660		3652577		3481
931		660		3656456		3481
932		660		3660374		3482
933		660		3664257		3482
934		659		3668134		3482
935		659		3672033		3481
936		659		3675918		3481
937		659		3679841		3483
938		659		3683705		3483
939		659		3687595		3484
940		659		3691477		3484
941		659		3695332		3484
942		659		3699158		3484
943		659		3703028		3485
944		659		3706911		3485
945		661		3710787		3487
946		661		3714674		3487
947		661		3718547		3487
948		661		3722430		3487
949		661		3726239		3487
950		661		3730149		3487
951		661		3734039		3487
952		661		3737943		3487
953		663		3741841		3486
954		663		3745725		3488
955		663		3749614		3489
956		663		3753505		3489
957		664		3757389		3490
958		664		3761217		3489
959		664		3765147		3490
960		664		3769029		3490
961		663		3772926		3490
962		663		3776789		3490
963		663		3780615		3490
964		663		3784466		3489
965		663		3788351		3489
966		663		3792202		3489
967		663		3796051		3489
968		663		3799930		3489
969		665		3803854		3490
970		665		3807736		3487
971		667		3811617		3488
972		667		3815496		3488
973		667		3819378		3488
974		663		3823269		3488
975		663		3827148		3488
976		663		3831001		3490
977		663		3834878		3490
978		662		3838768		3491
979		662		3842627		3491
980		662		3846496		3491
981		662		3850340		3491
982		662		3854242		3490
983		662		3858138		3490
984		662		3862032		3492
985		661		3865932		3492
986		661		3869781		3492
987		661		3873664		3492
988		661		3877526		3494
989		660		3881401		3493
990		660		3885331		3493
991		660		3889230		3493
992		660		3893114		3493
993		658		3896988		3492
994		658		3900898		3492
995		660		3904778		3490
996		659		3908646		3489
997		659		3912462		3489
998		661		3916325		3486
999		661		3920205		3486
1000		661		3920205		3486
1001		661		3920205		3486
1002		656		3920207		3486
1003		656		3920207		3486
1004		655		3920208		3487
1005		655		3920208		3487
1006		655		3920208		3487
1007		655		3920208		3487
1008		653		3920209		3489
1009		651		3920210		3491
1010		651		3920210		3491
1011		651		3920211		3491
1012		651		3920211		3491
1013		651		3920211		3491
1014		651		3920211		3491
1015		650		3920212		3492
1016		650		3920212		3492
1017		650		3920212		3492
1018		650		3920212		3492
1019		650		3920212		3492
1020		650		3920212		3492
1021		650		3920212		3492
1022		650		3920212		3492
1023		650		3920212		3492
1024		650		3920212		3492
1025		650		3920212		3492
1026		650		3920212		3492
1027		650		3920212		3492
1028		648		3920214		3493
1029		648		3920214		3493
