# Migration is number of nodes that have changed color.

Round		Edge-Cut		Swaps		Migrations		Skipped
0		7505		3732		3574
1		7451		6909		3534
2		7342		10109		3561
3		7210		13151		3530
4		7206		16203		3579
5		7224		19195		3545
6		7206		22261		3553
7		7347		25295		3486
8		7230		28362		3558
9		7327		31305		3614
10		7350		34352		3547
11		7231		37426		3536
12		7337		40503		3577
13		7232		43544		3524
14		7324		46542		3541
15		7184		49636		3553
16		7262		52642		3544
17		7174		55585		3572
18		7258		58669		3546
19		7225		61680		3502
20		7014		64662		3506
21		7169		67570		3534
22		7223		70574		3517
23		7173		73495		3592
24		7101		76428		3540
25		7177		79395		3588
26		7186		82310		3614
27		7094		85165		3566
28		7050		88041		3540
29		7121		90963		3547
30		7340		93864		3528
31		7166		96835		3540
32		7004		99708		3516
33		7109		102586		3567
34		7097		105449		3562
35		7038		108320		3540
36		7071		111222		3541
37		7108		114139		3568
38		7228		117058		3545
39		7110		119942		3581
40		7292		122864		3564
41		7018		125782		3587
42		6957		128512		3570
43		7042		131329		3602
44		7046		134160		3547
45		7085		137025		3526
46		7273		139951		3565
47		7009		142691		3600
48		6876		145441		3600
49		6854		148207		3529
50		7069		150921		3545
51		7030		153754		3569
52		6981		156540		3575
53		7067		159357		3551
54		7103		162200		3515
55		6950		164992		3546
56		7035		167704		3546
57		6998		170503		3537
58		6964		173329		3527
59		6880		176064		3533
60		6985		178809		3549
61		6997		181599		3501
62		6735		184262		3532
63		6767		186847		3541
64		6944		189561		3513
65		6762		192176		3546
66		7029		194866		3540
67		6947		197595		3498
68		6826		200246		3484
69		6809		202793		3485
70		6889		205437		3538
71		6897		208106		3505
72		6910		210773		3514
73		6785		213464		3574
74		6760		216037		3477
75		6793		218567		3553
76		6735		221177		3547
77		6651		223704		3543
78		6714		226264		3516
79		6655		228737		3548
80		6567		231246		3602
81		6639		233769		3549
82		6750		236236		3540
83		6796		238812		3542
84		6727		241431		3526
85		6908		244064		3540
86		6778		246600		3575
87		6543		249162		3559
88		6553		251613		3541
89		6641		254098		3575
90		6443		256547		3535
91		6533		258961		3522
92		6647		261401		3541
93		6645		263912		3567
94		6589		266412		3572
95		6482		268845		3546
96		6554		271251		3567
97		6333		273608		3510
98		6374		275894		3518
99		6358		278160		3494
100		6352		280407		3495
101		6344		282700		3511
102		6553		285055		3517
103		6465		287473		3521
104		6329		289786		3544
105		6272		292046		3496
106		6362		294379		3497
107		6320		296616		3520
108		6350		298831		3492
109		6263		301019		3502
110		6339		303285		3478
111		6288		305512		3490
112		6498		307830		3523
113		6561		310203		3536
114		6335		312473		3554
115		6312		314718		3556
116		6227		316987		3590
117		6298		319178		3554
118		6313		321410		3544
119		6301		323652		3562
120		6277		325895		3542
121		6253		328067		3511
122		6359		330279		3509
123		6299		332458		3541
124		6303		334653		3543
125		6284		336862		3536
126		6261		338995		3528
127		6263		341232		3481
128		6421		343495		3523
129		6355		345764		3513
130		6532		348030		3504
131		6410		350366		3471
132		6342		352643		3517
133		6278		354830		3560
134		6084		356999		3552
135		6131		359072		3559
136		6063		361099		3539
137		6101		363163		3497
138		6187		365254		3554
139		6168		367467		3543
140		6038		369461		3481
141		5975		371451		3495
142		5887		373388		3486
143		5770		375394		3531
144		5962		377369		3531
145		5894		379378		3537
146		5907		381361		3543
147		6040		383371		3519
148		5980		385385		3518
149		5874		387413		3473
150		6065		389374		3522
151		5892		391373		3513
152		5954		393346		3525
153		5934		395323		3522
154		5811		397250		3511
155		5657		399132		3523
156		5547		400946		3593
157		5621		402719		3583
158		5552		404426		3565
159		5382		406120		3589
160		5388		407801		3590
161		5517		409495		3550
162		5547		411235		3526
163		5479		412938		3567
164		5450		414584		3559
165		5597		416322		3584
166		5647		418046		3533
167		5657		419826		3557
168		5456		421634		3536
169		5499		423344		3558
170		5575		425044		3480
171		5511		426754		3551
172		5517		428416		3526
173		5417		430122		3562
174		5384		431774		3514
175		5320		433447		3554
176		5329		435110		3533
177		5206		436673		3548
178		5284		438266		3573
179		5155		439793		3584
180		5079		441340		3545
181		4971		442819		3582
182		4960		444322		3528
183		5119		445868		3578
184		5143		447363		3594
185		5100		448902		3587
186		4907		450391		3578
187		4900		451770		3547
188		4823		453146		3512
189		4773		454495		3511
190		4741		455784		3579
191		4964		457165		3510
192		4837		458585		3533
193		4695		459980		3524
194		4799		461378		3474
195		4750		462735		3550
196		4799		464042		3529
197		4738		465368		3552
198		4663		466613		3504
199		4617		467853		3491
200		4603		469096		3507
201		4732		470415		3480
202		4589		471700		3564
203		4507		472965		3541
204		4460		474150		3537
205		4407		475364		3530
206		4353		476532		3573
207		4217		477645		3560
208		4302		478710		3571
209		4363		479865		3573
210		4148		481004		3587
211		4072		482051		3564
212		4187		483075		3617
213		4177		484143		3604
214		4218		485214		3538
215		4074		486259		3568
216		4161		487288		3554
217		4134		488380		3565
218		4114		489447		3567
219		3966		490456		3575
220		3910		491382		3534
221		4010		492359		3556
222		3897		493396		3603
223		3799		494294		3583
224		3720		495175		3532
225		3732		496049		3536
226		3690		496940		3557
227		3679		497837		3569
228		3618		498681		3561
229		3589		499536		3552
230		3645		500341		3564
231		3572		501185		3540
232		3557		502017		3571
233		3626		502879		3541
234		3445		503701		3552
235		3552		504469		3511
236		3484		505262		3525
237		3541		506016		3559
238		3540		506792		3548
239		3461		507593		3530
240		3532		508367		3575
241		3589		509180		3545
242		3548		510048		3526
243		3513		510882		3573
244		3412		511667		3519
245		3356		512427		3572
246		3338		513176		3565
247		3298		513900		3569
248		3247		514554		3563
249		3134		515247		3563
250		3088		515900		3555
251		3108		516559		3577
252		2929		517195		3544
253		2878		517770		3567
254		2783		518333		3557
255		2683		518856		3558
256		2727		519348		3558
257		2830		519879		3527
258		2836		520433		3561
259		2709		520964		3558
260		2702		521438		3562
261		2680		521900		3568
262		2695		522426		3560
263		2722		522957		3552
264		2753		523478		3550
265		2670		523963		3537
266		2634		524451		3553
267		2564		524938		3545
268		2607		525425		3560
269		2653		525943		3541
270		2670		526430		3540
271		2695		526911		3546
272		2734		527389		3541
273		2695		527905		3535
274		2768		528435		3515
275		2684		528946		3542
276		2805		529432		3527
277		2698		529964		3525
278		2705		530497		3528
279		2593		530986		3539
280		2604		531455		3527
281		2607		531940		3571
282		2587		532408		3572
283		2526		532864		3574
284		2500		533316		3562
285		2510		533784		3559
286		2503		534233		3575
287		2467		534664		3577
288		2413		535051		3559
289		2396		535438		3565
290		2353		535851		3553
291		2337		536248		3538
292		2259		536609		3542
293		2279		536984		3516
294		2211		537356		3542
295		2237		537728		3554
296		2118		538047		3571
297		2254		538381		3570
298		2247		538776		3572
299		2287		539126		3558
300		2286		539503		3564
301		2188		539883		3554
302		2190		540227		3562
303		2178		540575		3562
304		2179		540924		3560
305		2160		541254		3557
306		2192		541576		3554
307		2163		541922		3559
308		2142		542264		3554
309		2065		542591		3545
310		1984		542871		3551
311		2036		543174		3533
312		2032		543479		3562
313		1906		543749		3572
314		1786		543985		3551
315		1818		544243		3562
316		1748		544495		3545
317		1750		544728		3550
318		1773		544975		3531
319		1744		545202		3538
320		1817		545465		3554
321		1798		545726		3553
322		1782		545989		3547
323		1734		546219		3541
324		1713		546453		3529
325		1742		546698		3538
326		1817		546937		3559
327		1775		547205		3555
328		1834		547451		3546
329		1771		547707		3562
330		1714		547960		3561
331		1745		548208		3546
332		1716		548443		3554
333		1701		548683		3549
334		1683		548898		3576
335		1690		549104		3555
336		1663		549311		3554
337		1720		549535		3554
338		1743		549784		3548
339		1716		550015		3543
340		1693		550237		3541
341		1627		550461		3564
342		1652		550665		3557
343		1616		550874		3562
344		1567		551069		3565
345		1587		551276		3556
346		1545		551473		3569
347		1576		551664		3583
348		1555		551871		3585
349		1547		552072		3577
350		1510		552247		3579
351		1477		552432		3574
352		1486		552605		3577
353		1503		552778		3560
354		1471		552978		3564
355		1475		553147		3561
356		1469		553320		3560
357		1477		553493		3558
358		1439		553665		3560
359		1515		553828		3575
360		1503		553999		3576
361		1440		554158		3571
362		1389		554303		3565
363		1358		554446		3561
364		1404		554589		3575
365		1371		554749		3566
366		1394		554891		3557
367		1380		555048		3575
368		1335		555201		3557
369		1267		555337		3566
370		1301		555470		3562
371		1296		555613		3558
372		1311		555745		3576
373		1301		555875		3578
374		1287		555999		3566
375		1242		556121		3552
376		1218		556245		3558
377		1206		556358		3574
378		1237		556468		3570
379		1195		556584		3558
380		1159		556681		3556
381		1199		556806		3568
382		1210		556934		3567
383		1215		557031		3557
384		1251		557136		3560
385		1243		557248		3571
386		1249		557381		3570
387		1244		557501		3572
388		1226		557618		3557
389		1288		557743		3559
390		1201		557866		3565
391		1224		558011		3547
392		1205		558113		3565
393		1212		558231		3568
394		1194		558341		3571
395		1183		558461		3580
396		1179		558559		3584
397		1183		558670		3580
398		1179		558783		3564
399		1191		558874		3573
400		1193		558975		3579
401		1146		559083		3583
402		1163		559193		3566
403		1167		559300		3563
404		1132		559398		3566
405		1117		559507		3563
406		1091		559604		3569
407		1096		559700		3579
408		1132		559805		3587
409		1090		559891		3595
410		1092		559971		3590
411		1100		560052		3576
412		1141		560130		3572
413		1132		560240		3578
414		1079		560350		3580
415		1087		560441		3579
416		1051		560534		3575
417		1082		560618		3552
418		1071		560706		3557
419		1062		560776		3561
420		1027		560856		3578
421		1020		560935		3579
422		1003		561009		3572
423		994		561080		3572
424		988		561169		3561
425		977		561224		3565
426		945		561300		3556
427		954		561368		3544
428		937		561439		3556
429		973		561509		3551
430		990		561572		3549
431		1006		561639		3539
432		984		561720		3542
433		1006		561796		3537
434		971		561863		3546
435		977		561937		3552
436		998		562006		3545
437		1034		562079		3552
438		1046		562171		3548
439		1014		562240		3554
440		1057		562327		3556
441		1002		562406		3552
442		994		562472		3540
443		1012		562534		3526
444		994		562612		3537
445		981		562679		3542
446		969		562752		3546
447		940		562816		3543
448		960		562866		3540
449		969		562940		3545
450		983		562996		3552
451		975		563060		3549
452		942		563118		3535
453		935		563183		3529
454		938		563239		3525
455		935		563297		3527
456		969		563352		3528
457		975		563430		3543
458		965		563503		3541
459		975		563571		3535
460		953		563637		3541
461		966		563688		3551
462		968		563741		3543
463		955		563807		3557
464		959		563864		3558
465		963		563909		3551
466		944		563983		3552
467		902		564038		3554
468		893		564104		3555
469		904		564153		3552
470		912		564206		3564
471		901		564265		3560
472		887		564312		3563
473		907		564361		3558
474		912		564419		3562
475		910		564475		3560
476		916		564532		3560
477		910		564587		3571
478		900		564634		3558
479		887		564681		3555
480		871		564735		3559
481		894		564786		3563
482		922		564849		3561
483		916		564900		3558
484		900		564950		3558
485		903		564992		3555
486		911		565039		3546
487		914		565102		3557
488		914		565155		3547
489		909		565208		3553
490		878		565256		3555
491		867		565312		3551
492		873		565366		3559
493		844		565406		3551
494		833		565451		3567
495		816		565494		3562
496		802		565521		3551
497		821		565559		3555
498		838		565596		3556
499		828		565633		3555
500		858		565682		3548
501		853		565726		3548
502		843		565774		3554
503		823		565814		3563
504		813		565846		3559
505		806		565883		3561
506		814		565929		3559
507		804		565954		3567
508		803		565996		3565
509		800		566032		3569
510		813		566066		3570
511		815		566095		3580
512		818		566127		3571
513		789		566157		3562
514		803		566191		3566
515		810		566232		3574
516		802		566269		3575
517		818		566306		3572
518		784		566334		3568
519		774		566375		3571
520		803		566414		3575
521		809		566446		3570
522		809		566491		3569
523		787		566533		3575
524		801		566566		3575
525		804		566598		3575
526		799		566627		3573
527		792		566653		3571
528		766		566693		3567
529		785		566722		3567
530		780		566757		3568
531		780		566787		3569
532		775		566814		3560
533		769		566850		3569
534		770		566879		3570
535		761		566908		3566
536		757		566937		3563
537		754		566959		3561
538		743		566978		3561
539		736		567012		3554
540		734		567032		3553
541		724		567066		3562
542		721		567086		3566
543		742		567111		3564
544		736		567130		3561
545		726		567155		3554
546		733		567177		3557
547		724		567205		3553
548		719		567216		3555
549		718		567240		3548
550		727		567259		3554
551		736		567272		3552
552		738		567297		3550
553		730		567319		3550
554		745		567342		3547
555		762		567365		3544
556		774		567393		3552
557		763		567425		3552
558		782		567461		3557
559		793		567490		3558
560		791		567521		3547
561		795		567552		3546
562		804		567591		3539
563		790		567628		3532
564		783		567665		3534
565		778		567696		3535
566		773		567726		3535
567		775		567753		3538
568		779		567780		3546
569		794		567817		3554
570		797		567857		3549
571		797		567888		3539
572		779		567916		3541
573		788		567951		3549
574		784		567982		3553
575		769		568009		3552
576		773		568035		3546
577		755		568054		3561
578		751		568081		3561
579		751		568112		3556
580		732		568142		3553
581		708		568161		3552
582		703		568175		3553
583		695		568189		3554
584		717		568208		3549
585		730		568232		3550
586		723		568251		3554
587		743		568270		3550
588		750		568298		3554
589		727		568321		3555
590		743		568340		3559
591		722		568367		3561
592		735		568393		3560
593		705		568420		3555
594		703		568437		3552
595		709		568453		3548
596		709		568471		3548
597		718		568496		3548
598		714		568518		3544
599		700		568540		3543
600		724		568562		3546
601		719		568589		3552
602		727		568612		3546
603		726		568631		3545
604		717		568655		3548
605		706		568676		3543
606		705		568685		3543
607		696		568700		3538
608		683		568717		3543
609		683		568735		3540
610		693		568749		3543
611		704		568774		3536
612		709		568799		3538
613		715		568817		3535
614		699		568842		3538
615		699		568862		3538
616		693		568884		3538
617		700		568903		3539
618		692		568917		3543
619		689		568931		3542
620		676		568952		3543
621		675		568970		3538
622		682		568982		3540
623		684		569000		3545
624		681		569011		3543
625		687		569023		3550
626		686		569039		3552
627		675		569054		3548
628		681		569067		3548
629		687		569082		3547
630		687		569099		3549
631		682		569111		3552
632		680		569124		3551
633		679		569136		3553
634		684		569148		3553
635		683		569162		3550
636		682		569178		3544
637		687		569197		3547
638		674		569209		3547
639		671		569220		3551
640		670		569238		3551
641		675		569245		3551
642		665		569260		3546
643		661		569273		3545
644		666		569286		3544
645		650		569302		3545
646		659		569314		3544
647		654		569323		3547
648		653		569337		3547
649		654		569345		3551
650		650		569358		3545
651		644		569376		3550
652		642		569383		3549
653		649		569396		3549
654		638		569407		3550
655		632		569418		3550
656		644		569432		3546
657		646		569448		3547
658		661		569465		3546
659		654		569478		3550
660		657		569485		3548
661		655		569490		3549
662		652		569501		3549
663		639		569514		3550
664		636		569523		3553
665		636		569531		3555
666		623		569540		3553
667		621		569547		3553
668		624		569553		3551
669		620		569563		3551
670		612		569565		3551
671		620		569571		3550
672		623		569579		3550
673		632		569584		3551
674		629		569591		3556
675		630		569594		3553
676		632		569603		3553
677		632		569610		3556
678		636		569619		3552
679		639		569628		3549
680		647		569634		3547
681		653		569643		3546
682		649		569653		3549
683		643		569666		3553
684		640		569672		3554
685		644		569678		3553
686		644		569687		3553
687		636		569697		3555
688		627		569702		3556
689		628		569712		3554
690		633		569718		3548
691		626		569731		3551
692		623		569739		3548
693		623		569748		3552
694		621		569757		3552
695		624		569762		3554
696		623		569773		3554
697		615		569781		3554
698		613		569790		3548
699		621		569797		3548
700		614		569803		3548
701		612		569806		3548
702		613		569812		3550
703		608		569817		3550
704		608		569825		3552
705		599		569829		3548
706		592		569833		3547
707		589		569837		3547
708		587		569840		3545
709		590		569843		3545
710		595		569848		3546
711		596		569853		3544
712		597		569856		3544
713		596		569860		3543
714		584		569865		3544
715		587		569870		3546
716		591		569878		3551
717		595		569880		3551
718		599		569883		3551
719		601		569886		3553
720		605		569888		3552
721		604		569895		3553
722		615		569911		3553
723		618		569923		3551
724		613		569929		3550
725		611		569935		3550
726		611		569938		3552
727		613		569941		3552
728		618		569944		3553
729		612		569955		3553
730		608		569958		3554
731		605		569961		3555
732		611		569967		3555
733		610		569968		3556
734		608		569973		3556
735		609		569978		3553
736		610		569982		3552
737		611		569986		3554
738		612		569994		3554
739		617		570003		3555
740		621		570010		3558
741		611		570021		3557
742		611		570030		3555
743		611		570039		3554
744		608		570041		3556
745		617		570049		3560
746		611		570053		3560
747		606		570059		3552
748		606		570062		3552
749		604		570069		3553
750		599		570072		3555
751		594		570076		3555
752		595		570079		3555
753		597		570084		3553
754		596		570088		3548
755		596		570091		3547
756		588		570094		3546
757		588		570097		3546
758		583		570100		3544
759		583		570102		3546
760		578		570108		3547
761		580		570111		3546
762		583		570112		3545
763		589		570116		3548
764		584		570119		3546
765		584		570121		3548
766		585		570123		3549
767		587		570129		3547
768		582		570132		3550
769		583		570133		3548
770		576		570140		3548
771		577		570141		3548
772		581		570146		3550
773		581		570149		3550
774		580		570152		3545
775		581		570153		3547
776		577		570156		3546
777		576		570157		3546
778		580		570159		3546
779		576		570162		3546
780		575		570164		3547
781		582		570166		3546
782		581		570171		3544
783		574		570176		3543
784		574		570176		3543
785		575		570177		3542
786		578		570179		3540
787		578		570181		3540
788		580		570185		3545
789		581		570186		3544
790		581		570191		3546
791		578		570192		3546
792		572		570196		3544
793		575		570198		3545
794		579		570201		3544
795		578		570202		3543
796		584		570206		3546
797		580		570212		3547
798		577		570215		3548
799		575		570220		3545
800		574		570223		3544
801		570		570227		3549
802		568		570228		3551
803		564		570231		3552
804		562		570233		3551
805		563		570238		3553
806		557		570242		3549
807		555		570246		3549
808		555		570246		3549
809		555		570246		3549
810		555		570246		3549
811		555		570246		3549
812		555		570246		3549
813		555		570246		3549
814		555		570248		3548
815		555		570248		3548
816		555		570250		3549
817		555		570250		3549
818		555		570250		3549
819		555		570250		3549
820		559		570253		3549
821		556		570255		3551
822		559		570256		3552
823		560		570257		3552
824		560		570259		3554
825		554		570262		3552
826		553		570265		3552
827		552		570266		3552
828		552		570266		3552
829		548		570267		3552
830		550		570270		3550
831		550		570270		3550
832		550		570270		3550
833		552		570272		3550
834		552		570272		3550
835		551		570273		3550
836		551		570277		3549
837		552		570278		3549
838		551		570279		3550
839		550		570282		3552
840		550		570282		3552
841		549		570284		3555
842		551		570285		3555
843		552		570286		3554
844		552		570290		3555
845		557		570293		3552
846		557		570293		3552
847		560		570295		3554
848		564		570297		3556
849		567		570302		3553
850		565		570305		3550
851		563		570309		3549
852		563		570311		3549
853		562		570312		3551
854		561		570314		3551
855		559		570316		3553
856		557		570317		3553
857		557		570317		3553
858		560		570319		3552
859		560		570319		3552
860		567		570328		3552
861		567		570331		3553
862		568		570332		3552
863		561		570336		3553
864		561		570336		3553
865		560		570339		3554
866		560		570339		3554
867		558		570342		3553
868		558		570346		3553
869		559		570349		3554
870		557		570350		3555
871		557		570350		3555
872		557		570350		3555
873		559		570351		3554
874		559		570351		3554
875		560		570353		3553
876		560		570353		3553
877		561		570354		3553
878		560		570355		3554
879		560		570355		3554
880		562		570357		3553
881		562		570357		3553
882		561		570360		3555
883		561		570360		3555
884		562		570361		3554
885		562		570361		3554
886		563		570364		3553
887		561		570365		3555
888		563		570367		3555
889		565		570369		3554
890		564		570370		3553
891		563		570371		3553
892		561		570373		3551
893		559		570375		3551
894		565		570378		3554
895		562		570380		3552
896		561		570381		3552
897		561		570383		3551
898		561		570383		3551
899		559		570384		3550
900		561		570386		3549
901		558		570387		3549
902		558		570387		3549
903		559		570389		3551
904		559		570391		3553
905		559		570391		3553
906		560		570392		3553
907		556		570394		3553
908		556		570396		3553
909		556		570396		3553
910		556		570396		3553
911		558		570398		3551
912		554		570400		3551
913		554		570400		3551
914		554		570400		3551
915		553		570401		3551
916		553		570401		3551
917		552		570402		3549
918		552		570402		3549
919		552		570402		3549
920		551		570403		3551
921		553		570404		3552
922		553		570406		3555
923		553		570406		3555
924		554		570407		3554
925		555		570408		3554
926		553		570411		3555
927		551		570412		3555
928		552		570413		3555
929		552		570413		3555
930		550		570415		3555
931		550		570415		3555
932		551		570417		3555
933		553		570419		3557
934		553		570419		3557
935		553		570419		3557
936		553		570419		3557
937		552		570420		3556
938		551		570421		3555
939		551		570421		3555
940		550		570423		3556
941		550		570423		3556
942		555		570426		3557
943		556		570427		3556
944		555		570428		3556
945		555		570428		3556
946		554		570429		3557
947		553		570432		3555
948		551		570434		3555
949		550		570435		3554
950		552		570436		3555
951		550		570437		3556
952		551		570438		3557
953		552		570439		3556
954		551		570442		3556
955		545		570444		3558
956		545		570444		3558
957		545		570444		3558
958		545		570444		3558
959		547		570445		3560
960		547		570445		3560
961		547		570445		3560
962		547		570445		3560
963		545		570446		3560
964		546		570447		3560
965		546		570447		3560
966		544		570448		3559
967		544		570448		3559
968		545		570449		3559
969		544		570452		3558
970		544		570452		3558
971		544		570452		3558
972		544		570452		3558
973		544		570452		3558
974		544		570452		3558
975		544		570452		3558
976		544		570452		3558
977		543		570453		3558
978		542		570454		3560
979		543		570455		3559
980		542		570456		3559
981		544		570458		3560
982		543		570459		3560
983		543		570459		3560
984		542		570460		3558
985		542		570460		3558
986		542		570460		3558
987		541		570461		3557
988		541		570461		3557
989		538		570462		3556
990		538		570462		3556
991		538		570462		3556
992		538		570462		3556
993		538		570462		3556
994		538		570462		3556
995		538		570462		3556
996		538		570462		3556
997		538		570462		3556
998		538		570462		3556
999		537		570463		3555
1000		537		570463		3555
1001		537		570463		3555
1002		537		570463		3555
1003		537		570463		3555
1004		537		570463		3555
1005		537		570463		3555
1006		537		570463		3555
1007		537		570463		3555
1008		537		570463		3555
1009		537		570463		3555
1010		536		570464		3554
1011		536		570464		3554
1012		536		570464		3554
1013		536		570464		3554
1014		536		570464		3554
1015		536		570464		3554
1016		536		570464		3554
1017		536		570464		3554
1018		536		570464		3554
1019		536		570464		3554
1020		536		570464		3554
1021		536		570464		3554
1022		536		570464		3554
1023		536		570464		3554
1024		536		570464		3554
1025		536		570464		3554
1026		536		570464		3554
1027		536		570464		3554
1028		536		570464		3554
1029		533		570466		3554
