# Migration is number of nodes that have changed color.

Round		Edge-Cut		Swaps		Migrations		Skipped
0		6902		4720		2922
1		6593		9440		3238
2		6662		14159		3326
3		6608		18879		3437
4		6388		23598		3434
5		6380		28317		3502
6		6460		33033		3461
7		6252		37752		3459
8		6463		42470		3491
9		6587		47184		3515
10		6429		51901		3557
11		6393		56621		3561
12		6460		61340		3546
13		6422		66059		3549
14		6427		70776		3553
15		6409		75495		3570
16		6472		80215		3551
17		6525		84934		3560
18		6370		89653		3514
19		6574		94371		3577
20		6451		99089		3570
21		6346		103805		3538
22		6461		108522		3567
23		6399		113241		3518
24		6437		117958		3535
25		6447		122677		3538
26		6373		127396		3547
27		6291		132115		3582
28		6555		136835		3567
29		6545		141555		3593
30		6396		146273		3573
31		6460		150992		3568
32		6424		155710		3569
33		6604		160429		3532
34		6509		165148		3518
35		6551		169865		3535
36		6362		174581		3540
37		6499		179297		3503
38		6322		184015		3547
39		6488		188733		3584
40		6349		193451		3530
41		6404		198170		3549
42		6526		202887		3527
43		6484		207605		3559
44		6507		212323		3556
45		6446		217042		3535
46		6528		221762		3528
47		6454		226481		3550
48		6371		231201		3572
49		6287		235920		3559
50		6472		240637		3560
51		6426		245357		3500
52		6309		250074		3546
53		6284		254792		3505
54		6301		259507		3537
55		6332		264227		3534
56		6333		268941		3602
57		6392		273659		3556
58		6407		278378		3538
59		6394		283097		3572
60		6420		287817		3565
61		6333		292534		3552
62		6478		297249		3552
63		6377		301966		3562
64		6390		306685		3546
65		6433		311405		3529
66		6491		316124		3581
67		6429		320843		3524
68		6482		325560		3509
69		6523		330279		3517
70		6418		334997		3566
71		6362		339717		3541
72		6369		344436		3555
73		6387		349156		3513
74		6315		353872		3557
75		6541		358589		3560
76		6393		363308		3600
77		6377		368027		3550
78		6326		372746		3556
79		6321		377466		3533
80		6428		382185		3511
81		6351		386904		3520
82		6311		391623		3550
83		6390		396340		3576
84		6390		401060		3540
85		6520		405778		3573
86		6325		410495		3557
87		6380		415215		3532
88		6382		419935		3517
89		6362		424655		3512
90		6522		429375		3523
91		6505		434095		3546
92		6611		438811		3574
93		6436		443528		3527
94		6378		448247		3532
95		6465		452962		3563
96		6375		457679		3509
97		6309		462398		3561
98		6600		467116		3549
99		6367		471833		3551
100		6408		476551		3584
101		6542		481271		3575
102		6435		485991		3552
103		6363		490707		3560
104		6353		495423		3551
105		6500		500140		3490
106		6255		504857		3504
107		6359		509576		3529
108		6480		514293		3552
109		6452		519012		3603
110		6455		523732		3599
111		6496		528451		3556
112		6436		533169		3526
113		6426		537888		3538
114		6555		542607		3525
115		6498		547326		3513
116		6380		552046		3546
117		6467		556765		3575
118		6579		561484		3526
119		6369		566203		3556
120		6524		570922		3559
121		6367		575642		3529
122		6272		580358		3572
123		6498		585077		3541
124		6516		589795		3536
125		6471		594515		3525
126		6547		599234		3562
127		6438		603953		3568
128		6413		608668		3551
129		6407		613386		3591
130		6404		618103		3533
131		6612		622823		3549
132		6449		627541		3525
133		6455		632260		3534
134		6398		636980		3476
135		6598		641700		3530
136		6483		646419		3475
137		6462		651139		3520
138		6309		655857		3507
139		6513		660570		3544
140		6511		665288		3551
141		6441		670006		3576
142		6497		674725		3537
143		6338		679443		3543
144		6399		684163		3568
145		6383		688881		3531
146		6394		693601		3518
147		6447		698320		3537
148		6349		703038		3540
149		6334		707757		3535
150		6574		712475		3565
151		6457		717195		3509
152		6434		721913		3551
153		6472		726631		3537
154		6414		731349		3548
155		6459		736067		3515
156		6316		740786		3516
157		6348		745502		3517
158		6381		750222		3504
159		6352		754941		3480
160		6354		759660		3533
161		6356		764379		3526
162		6474		769098		3500
163		6325		773817		3510
164		6348		778534		3593
165		6390		783254		3555
166		6391		787971		3544
167		6439		792688		3514
168		6437		797403		3555
169		6343		802122		3587
170		6330		806839		3537
171		6354		811556		3528
172		6405		816275		3499
173		6315		820993		3526
174		6395		825712		3522
175		6432		830432		3524
176		6480		835151		3561
177		6435		839870		3517
178		6426		844588		3561
179		6425		849307		3568
180		6390		854027		3544
181		6471		858745		3558
182		6439		863465		3539
183		6408		868183		3553
184		6348		872901		3576
185		6479		877620		3487
186		6580		882339		3581
187		6510		887057		3556
188		6407		891776		3572
189		6576		896495		3557
190		6343		901212		3550
191		6458		905932		3587
192		6598		910649		3513
193		6461		915369		3552
194		6436		920088		3514
195		6394		924807		3554
196		6385		929525		3520
197		6352		934240		3510
198		6403		938957		3496
199		6461		943675		3492
200		6513		948394		3549
201		6388		953113		3561
202		6505		957833		3570
203		6594		962549		3555
204		6467		967265		3551
205		6473		971983		3532
206		6516		976702		3540
207		6537		981419		3514
208		6508		986138		3568
209		6540		990858		3555
210		6539		995578		3573
211		6524		1000298		3579
212		6428		1005017		3569
213		6500		1009735		3547
214		6354		1014453		3536
215		6240		1019173		3542
216		6263		1023890		3519
217		6252		1028608		3522
218		6274		1033327		3552
219		6497		1038046		3512
220		6642		1042766		3496
221		6426		1047486		3500
222		6445		1052205		3493
223		6429		1056923		3471
224		6440		1061643		3513
225		6372		1066363		3537
226		6448		1071080		3538
227		6440		1075799		3514
228		6392		1080517		3510
229		6413		1085237		3518
230		6440		1089956		3508
231		6444		1094674		3500
232		6458		1099394		3510
233		6443		1104114		3529
234		6467		1108834		3582
235		6510		1113553		3530
236		6576		1118271		3543
237		6491		1122990		3547
238		6389		1127709		3494
239		6440		1132427		3524
240		6444		1137143		3522
241		6381		1141862		3502
242		6353		1146582		3529
243		6473		1151300		3536
244		6348		1156020		3501
245		6521		1160739		3526
246		6313		1165457		3541
247		6341		1170174		3550
248		6289		1174893		3520
249		6293		1179610		3503
250		6355		1184327		3505
251		6227		1189045		3497
252		6405		1193764		3520
253		6415		1198482		3528
254		6260		1203200		3552
255		6486		1207919		3532
256		6531		1212639		3546
257		6374		1217357		3550
258		6485		1222074		3614
259		6442		1226793		3534
260		6587		1231513		3550
261		6475		1236233		3541
262		6531		1240951		3576
263		6424		1245670		3593
264		6417		1250389		3553
265		6567		1255106		3539
266		6418		1259825		3572
267		6493		1264545		3535
268		6352		1269263		3530
269		6361		1273982		3527
270		6398		1278701		3529
271		6422		1283421		3555
272		6452		1288139		3526
273		6334		1292857		3531
274		6405		1297576		3590
275		6519		1302294		3562
276		6365		1307014		3540
277		6540		1311732		3525
278		6388		1316452		3532
279		6375		1321171		3501
280		6497		1325890		3482
281		6455		1330608		3477
282		6501		1335326		3466
283		6316		1340046		3526
284		6368		1344765		3554
285		6514		1349481		3551
286		6450		1354200		3538
287		6497		1358919		3512
288		6378		1363637		3528
289		6475		1368355		3543
290		6594		1373073		3545
291		6416		1377792		3534
292		6398		1382511		3550
293		6464		1387228		3533
294		6491		1391946		3525
295		6422		1396663		3576
296		6389		1401381		3570
297		6317		1406100		3546
298		6303		1410815		3497
299		6360		1415533		3533
300		6410		1420250		3505
301		6462		1424968		3559
302		6430		1429686		3493
303		6369		1434405		3559
304		6412		1439122		3490
305		6463		1443841		3499
306		6503		1448560		3558
307		6422		1453280		3557
308		6397		1457998		3544
309		6478		1462716		3579
310		6395		1467435		3552
311		6313		1472155		3586
312		6356		1476875		3597
313		6425		1481594		3592
314		6466		1486311		3557
315		6477		1491030		3598
316		6431		1495749		3539
317		6448		1500468		3545
318		6407		1505186		3548
319		6426		1509905		3566
320		6416		1514623		3567
321		6330		1519342		3557
322		6528		1524061		3545
323		6325		1528781		3502
324		6446		1533501		3548
325		6485		1538220		3559
326		6489		1542939		3500
327		6526		1547655		3531
328		6526		1552373		3548
329		6545		1557090		3556
330		6490		1561807		3544
331		6349		1566527		3532
332		6412		1571246		3545
333		6355		1575963		3555
334		6484		1580683		3547
335		6555		1585401		3538
336		6551		1590118		3528
337		6448		1594836		3496
338		6442		1599554		3493
339		6332		1604272		3493
340		6468		1608990		3527
341		6515		1613707		3527
342		6475		1618425		3541
343		6522		1623143		3507
344		6597		1627863		3521
345		6484		1632582		3534
346		6479		1637301		3543
347		6463		1642021		3507
348		6510		1646741		3576
349		6387		1651460		3541
350		6487		1656180		3494
351		6450		1660900		3516
352		6388		1665617		3526
353		6548		1670336		3577
354		6527		1675055		3557
355		6558		1679774		3556
356		6513		1684493		3578
357		6468		1689209		3537
358		6460		1693925		3554
359		6431		1698644		3559
360		6396		1703363		3576
361		6391		1708080		3556
362		6446		1712798		3545
363		6431		1717518		3571
364		6527		1722237		3549
365		6434		1726956		3564
366		6493		1731673		3570
367		6420		1736392		3603
368		6480		1741110		3615
369		6462		1745829		3560
370		6356		1750544		3543
371		6557		1755263		3549
372		6370		1759982		3537
373		6392		1764701		3600
374		6374		1769421		3590
375		6415		1774139		3535
376		6471		1778855		3570
377		6406		1783574		3550
378		6431		1788291		3590
379		6406		1793009		3607
380		6427		1797727		3524
381		6533		1802447		3493
382		6434		1807165		3533
383		6584		1811885		3591
384		6527		1816602		3558
385		6473		1821321		3526
386		6487		1826039		3514
387		6371		1830757		3532
388		6502		1835474		3539
389		6493		1840192		3575
390		6281		1844911		3592
391		6448		1849631		3548
392		6571		1854351		3559
393		6392		1859068		3527
394		6302		1863785		3586
395		6346		1868501		3567
396		6469		1873219		3559
397		6516		1877938		3544
398		6431		1882658		3527
399		6432		1887374		3527
400		6439		1892094		3546
401		6421		1896812		3538
402		6334		1901529		3553
403		6361		1906249		3530
404		6490		1910969		3537
405		6332		1915688		3557
406		6416		1920405		3517
407		6401		1925124		3533
408		6504		1929842		3533
409		6471		1934562		3536
410		6490		1939280		3543
411		6577		1944000		3513
412		6385		1948717		3519
413		6411		1953436		3512
414		6265		1958153		3554
415		6374		1962871		3538
416		6435		1967590		3545
417		6446		1972307		3476
418		6381		1977026		3512
419		6611		1981745		3513
420		6468		1986465		3484
421		6389		1991185		3560
422		6565		1995903		3528
423		6328		2000620		3518
424		6366		2005339		3600
425		6339		2010056		3565
426		6301		2014775		3540
427		6380		2019493		3534
428		6516		2024210		3584
429		6476		2028928		3597
430		6424		2033645		3593
431		6444		2038364		3628
432		6410		2043080		3601
433		6466		2047799		3562
434		6423		2052518		3527
435		6503		2057235		3531
436		6394		2061952		3508
437		6389		2066669		3546
438		6429		2071388		3586
439		6515		2076106		3551
440		6336		2080825		3534
441		6443		2085544		3552
442		6419		2090260		3526
443		6551		2094980		3562
444		6478		2099698		3544
445		6512		2104416		3493
446		6555		2109134		3514
447		6441		2113852		3509
448		6558		2118571		3529
449		6393		2123290		3480
450		6348		2128009		3533
451		6491		2132723		3509
452		6407		2137440		3519
453		6364		2142155		3499
454		6349		2146875		3518
455		6521		2151594		3519
456		6416		2156313		3515
457		6382		2161033		3491
458		6470		2165752		3512
459		6420		2170470		3560
460		6417		2175188		3556
461		6486		2179907		3524
462		6342		2184626		3515
463		6403		2189345		3525
464		6478		2194062		3605
465		6301		2198781		3569
466		6478		2203500		3502
467		6435		2208220		3501
468		6284		2212937		3555
469		6343		2217655		3517
470		6534		2222372		3512
471		6419		2227087		3524
472		6289		2231806		3524
473		6426		2236524		3496
474		6237		2241244		3505
475		6311		2245959		3557
476		6442		2250678		3563
477		6407		2255395		3577
478		6297		2260113		3551
479		6379		2264830		3497
480		6365		2269550		3504
481		6421		2274270		3568
482		6328		2278988		3537
483		6438		2283707		3551
484		6513		2288424		3552
485		6420		2293142		3519
486		6537		2297860		3509
487		6392		2302579		3497
488		6463		2307297		3533
489		6380		2312013		3561
490		6411		2316726		3535
491		6422		2321442		3539
492		6350		2326161		3518
493		6335		2330880		3484
494		6434		2335598		3478
495		6510		2340315		3559
496		6509		2345034		3478
497		6509		2349750		3506
498		6383		2354468		3521
499		6510		2359186		3548
500		6515		2363904		3547
501		6473		2368622		3560
502		6474		2373340		3552
503		6408		2378059		3515
504		6332		2382779		3578
505		6317		2387497		3576
506		6332		2392215		3497
507		6417		2396930		3530
508		6350		2401650		3565
509		6449		2406369		3562
510		6500		2411087		3540
511		6388		2415806		3576
512		6350		2420524		3509
513		6330		2425240		3523
514		6420		2429960		3537
515		6540		2434677		3539
516		6420		2439397		3540
517		6505		2444115		3535
518		6531		2448833		3576
519		6563		2453551		3594
520		6407		2458270		3549
521		6292		2462989		3559
522		6415		2467704		3508
523		6268		2472420		3529
524		6383		2477135		3551
525		6430		2481855		3579
526		6392		2486574		3560
527		6512		2491293		3554
528		6546		2496008		3542
529		6469		2500726		3521
530		6394		2505442		3556
531		6420		2510160		3524
532		6384		2514872		3516
533		6453		2519586		3557
534		6366		2524305		3549
535		6376		2529017		3524
536		6407		2533729		3536
537		6360		2538441		3552
538		6389		2543155		3583
539		6449		2547874		3564
540		6448		2552588		3508
541		6400		2557299		3491
542		6483		2562013		3542
543		6385		2566732		3538
544		6395		2571448		3577
545		6470		2576161		3548
546		6321		2580877		3538
547		6418		2585595		3530
548		6431		2590309		3526
549		6394		2595026		3595
550		6351		2599742		3534
551		6486		2604459		3527
552		6482		2609175		3533
553		6396		2613888		3547
554		6420		2618602		3529
555		6568		2623319		3539
556		6346		2628034		3553
557		6477		2632753		3517
558		6391		2637466		3547
559		6386		2642179		3527
560		6399		2646892		3525
561		6308		2651609		3594
562		6418		2656325		3541
563		6559		2661043		3522
564		6434		2665759		3524
565		6519		2670475		3512
566		6437		2675192		3507
567		6420		2679909		3536
568		6262		2684625		3566
569		6362		2689336		3526
570		6341		2694052		3521
571		6341		2698767		3541
572		6335		2703478		3513
573		6412		2708197		3500
574		6513		2712911		3583
575		6303		2717625		3546
576		6419		2722340		3529
577		6534		2727055		3509
578		6533		2731772		3468
579		6291		2736480		3480
580		6404		2741193		3515
581		6516		2745907		3517
582		6272		2750620		3570
583		6381		2755331		3572
584		6313		2760043		3546
585		6355		2764757		3522
586		6218		2769468		3541
587		6261		2774179		3500
588		6229		2778891		3472
589		6398		2783600		3506
590		6494		2788316		3522
591		6354		2793030		3535
592		6417		2797742		3523
593		6421		2802457		3522
594		6498		2807170		3522
595		6363		2811881		3561
596		6319		2816595		3528
597		6327		2821311		3513
598		6288		2826024		3541
599		6312		2830735		3505
600		6467		2835442		3503
601		6475		2840152		3545
602		6417		2844867		3518
603		6492		2849578		3540
604		6493		2854294		3531
605		6361		2859006		3529
606		6364		2863717		3474
607		6413		2868427		3531
608		6315		2873140		3548
609		6328		2877850		3552
610		6206		2882562		3519
611		6296		2887278		3494
612		6298		2891987		3523
613		6290		2896698		3534
614		6356		2901410		3548
615		6416		2906126		3567
616		6350		2910841		3503
617		6314		2915554		3512
618		6209		2920262		3551
619		6415		2924972		3534
620		6418		2929686		3529
621		6435		2934395		3529
622		6501		2939106		3506
623		6364		2943819		3535
624		6361		2948528		3517
625		6380		2953240		3538
626		6481		2957951		3509
627		6423		2962664		3479
628		6291		2967379		3513
629		6228		2972090		3520
630		6306		2976796		3499
631		6351		2981504		3502
632		6313		2986204		3538
633		6166		2990908		3531
634		6408		2995614		3527
635		6313		3000317		3520
636		6380		3005017		3550
637		6379		3009723		3569
638		6316		3014420		3587
639		6248		3019122		3576
640		6224		3023824		3581
641		6400		3028533		3561
642		6357		3033239		3545
643		6321		3037946		3569
644		6458		3042648		3550
645		6452		3047351		3585
646		6420		3052054		3540
647		6316		3056753		3535
648		6433		3061454		3547
649		6270		3066150		3533
650		6414		3070850		3516
651		6347		3075555		3506
652		6302		3080262		3552
653		6243		3084973		3526
654		6222		3089671		3536
655		6189		3094377		3529
656		6258		3099074		3588
657		6281		3103780		3548
658		6377		3108488		3520
659		6461		3113183		3553
660		6363		3117887		3524
661		6352		3122592		3530
662		6359		3127298		3536
663		6296		3132003		3554
664		6324		3136705		3595
665		6310		3141412		3555
666		6447		3146119		3534
667		6490		3150829		3539
668		6279		3155536		3548
669		6369		3160243		3565
670		6416		3164952		3585
671		6384		3169654		3549
672		6357		3174353		3544
673		6365		3179059		3569
674		6479		3183762		3528
675		6288		3188468		3533
676		6412		3193174		3510
677		6351		3197881		3525
678		6430		3202585		3558
679		6366		3207291		3559
680		6311		3211995		3542
681		6311		3216707		3527
682		6427		3221418		3494
683		6392		3226123		3512
684		6501		3230833		3526
685		6404		3235526		3571
686		6304		3240225		3520
687		6141		3244916		3533
688		6126		3249606		3489
689		6225		3254299		3520
690		6121		3258992		3534
691		6131		3263674		3513
692		6227		3268364		3502
693		6158		3273056		3517
694		6220		3277750		3536
695		6252		3282442		3556
696		6308		3287141		3550
697		6293		3291840		3511
698		6313		3296534		3558
699		6342		3301215		3533
700		6348		3305913		3514
701		6305		3310608		3548
702		6238		3315304		3518
703		6282		3319997		3498
704		6177		3324691		3501
705		6368		3329390		3456
706		6151		3334080		3471
707		6272		3338768		3496
708		6369		3343470		3520
709		6261		3348157		3518
710		6453		3352863		3574
711		6242		3357563		3558
712		6473		3362267		3592
713		6390		3366963		3530
714		6230		3371657		3537
715		6295		3376357		3550
716		6299		3381059		3505
717		6353		3385756		3554
718		6320		3390450		3528
719		6211		3395142		3560
720		6372		3399840		3522
721		6190		3404540		3535
722		6143		3409238		3542
723		6394		3413930		3555
724		6278		3418623		3568
725		6356		3423328		3574
726		6312		3428028		3511
727		6315		3432724		3542
728		6309		3437421		3542
729		6270		3442117		3528
730		6162		3446814		3530
731		6126		3451510		3491
732		6143		3456209		3488
733		6259		3460903		3521
734		6245		3465593		3539
735		6332		3470289		3550
736		6339		3474982		3580
737		6356		3479671		3565
738		6194		3484357		3535
739		6157		3489053		3535
740		6253		3493740		3522
741		6203		3498436		3540
742		6200		3503134		3531
743		6181		3507825		3524
744		6515		3512506		3537
745		6278		3517197		3519
746		6295		3521879		3505
747		6200		3526563		3511
748		6353		3531250		3563
749		6276		3535941		3592
750		6256		3540637		3546
751		6268		3545330		3516
752		6306		3550026		3505
753		6201		3554723		3527
754		6296		3559416		3524
755		6330		3564106		3534
756		6292		3568802		3545
757		6278		3573486		3543
758		6152		3578172		3589
759		6314		3582855		3566
760		6326		3587540		3528
761		6190		3592231		3559
762		6186		3596921		3547
763		6295		3601615		3592
764		6158		3606310		3567
765		6307		3611008		3564
766		6300		3615702		3564
767		6154		3620387		3562
768		6089		3625067		3576
769		6181		3629743		3554
770		6255		3634433		3540
771		6332		3639126		3524
772		6192		3643814		3585
773		6291		3648510		3567
774		6249		3653198		3551
775		6231		3657898		3567
776		6225		3662575		3522
777		6192		3667263		3503
778		6283		3671958		3490
779		6290		3676659		3536
780		6371		3681350		3494
781		6264		3686041		3488
782		6358		3690727		3477
783		6405		3695430		3493
784		6254		3700119		3505
785		6298		3704802		3528
786		6261		3709489		3538
787		6287		3714172		3542
788		6150		3718864		3544
789		6266		3723546		3532
790		6301		3728240		3535
791		6261		3732915		3506
792		6246		3737599		3475
793		6330		3742280		3464
794		6131		3746953		3477
795		6047		3751623		3482
796		5955		3756305		3497
797		6127		3760979		3523
798		6063		3765643		3480
799		6114		3770313		3491
800		6143		3774986		3478
801		6280		3779660		3493
802		6194		3784324		3517
803		6074		3789010		3505
804		6157		3793688		3485
805		6082		3798354		3528
806		6192		3803026		3570
807		5995		3807703		3534
808		6207		3812374		3576
809		6075		3817044		3526
810		6148		3821719		3493
811		6111		3826390		3493
812		6299		3831072		3535
813		6379		3835747		3538
814		6215		3840422		3563
815		6340		3845105		3536
816		6276		3849773		3533
817		6280		3854445		3527
818		6211		3859091		3533
819		6251		3863763		3495
820		6345		3868425		3475
821		6147		3873096		3479
822		6161		3877763		3458
823		6060		3882415		3497
824		5994		3887072		3480
825		6125		3891730		3541
826		6254		3896384		3529
827		6075		3901041		3539
828		5974		3905690		3504
829		5972		3910339		3514
830		5942		3914977		3528
831		6095		3919639		3538
832		6115		3924296		3526
833		6038		3928957		3529
834		6214		3933624		3560
835		6220		3938289		3579
836		6147		3942935		3533
837		6138		3947600		3509
838		6121		3952266		3502
839		6132		3956932		3510
840		6048		3961597		3543
841		6033		3966238		3529
842		6018		3970890		3588
843		5855		3975526		3486
844		5831		3980143		3514
845		5959		3984755		3539
846		5831		3989386		3575
847		5716		3993997		3553
848		5867		3998606		3539
849		5874		4003211		3532
850		5838		4007811		3511
851		5895		4012433		3510
852		5887		4017051		3536
853		5820		4021681		3523
854		5839		4026291		3533
855		5841		4030924		3509
856		5939		4035543		3515
857		5879		4040165		3533
858		5840		4044769		3564
859		5884		4049365		3573
860		5696		4053983		3633
861		5719		4058595		3592
862		5789		4063200		3606
863		5769		4067805		3510
864		5829		4072408		3523
865		5941		4077030		3554
866		5898		4081665		3545
867		5830		4086270		3581
868		5900		4090873		3524
869		5750		4095444		3538
870		5630		4100005		3567
871		5566		4104564		3551
872		5569		4109119		3559
873		5638		4113679		3564
874		5613		4118234		3529
875		5665		4122808		3511
876		5578		4127376		3561
877		5619		4131917		3552
878		5617		4136483		3542
879		5663		4141034		3580
880		5620		4145602		3568
881		5599		4150172		3594
882		5562		4154710		3564
883		5540		4159251		3559
884		5509		4163791		3536
885		5513		4168350		3543
886		5445		4172909		3567
887		5511		4177457		3587
888		5639		4182024		3575
889		5495		4186579		3609
890		5541		4191104		3593
891		5548		4195646		3577
892		5619		4200210		3583
893		5585		4204787		3569
894		5452		4209324		3531
895		5295		4213845		3560
896		5241		4218328		3541
897		5263		4222817		3556
898		5204		4227290		3539
899		5094		4231753		3510
900		5143		4236230		3545
901		5117		4240695		3523
902		4930		4245185		3538
903		5056		4249630		3586
904		5031		4254077		3568
905		4954		4258521		3577
906		4963		4262976		3596
907		4887		4267394		3582
908		4987		4271807		3599
909		4987		4276238		3536
910		4991		4280666		3555
911		4926		4285130		3525
912		4975		4289588		3568
913		4897		4293999		3560
914		4751		4298406		3577
915		4759		4302802		3568
916		4586		4307188		3577
917		4628		4311573		3569
918		4494		4315950		3542
919		4320		4320277		3541
920		4210		4324617		3577
921		4226		4328942		3599
922		4245		4333262		3588
923		4271		4337587		3548
924		4336		4341869		3528
925		4367		4346169		3559
926		4310		4350514		3593
927		4250		4354820		3575
928		4230		4359111		3578
929		4115		4363421		3606
930		3890		4367662		3580
931		3838		4371888		3568
932		3692		4376117		3560
933		3612		4380328		3542
934		3571		4384554		3547
935		3590		4388754		3562
936		3448		4392961		3571
937		3375		4397152		3590
938		3320		4401302		3577
939		3298		4405486		3547
940		3321		4409669		3592
941		3373		4413853		3564
942		3344		4418029		3563
943		3336		4422216		3562
944		3267		4426395		3587
945		3204		4430538		3547
946		3089		4434675		3545
947		3184		4438809		3561
948		3029		4442889		3545
949		2905		4446979		3560
950		2794		4451022		3567
951		2721		4455072		3547
952		2701		4459117		3549
953		2682		4463170		3551
954		2602		4467228		3573
955		2597		4471267		3591
956		2510		4475302		3576
957		2459		4479377		3553
958		2415		4483383		3558
959		2385		4487419		3581
960		2371		4491427		3584
961		2259		4495418		3556
962		2225		4499416		3555
963		2126		4503381		3561
964		2079		4507323		3571
965		2046		4511291		3559
966		2021		4515232		3555
967		1979		4519188		3559
968		1951		4523159		3569
969		1872		4527086		3568
970		1842		4531058		3569
971		1820		4534971		3569
972		1807		4538903		3585
973		1766		4542848		3578
974		1703		4546758		3574
975		1683		4550684		3576
976		1642		4554633		3563
977		1598		4558512		3566
978		1596		4562462		3581
979		1567		4566328		3575
980		1547		4570235		3580
981		1512		4574151		3581
982		1517		4578080		3581
983		1491		4581940		3576
984		1468		4585855		3583
985		1445		4589748		3582
986		1434		4593638		3590
987		1414		4597518		3586
988		1406		4601380		3589
989		1391		4605298		3584
990		1371		4609171		3586
991		1360		4613068		3581
992		1355		4616914		3584
993		1344		4620813		3583
994		1332		4624736		3580
995		1328		4628617		3578
996		1321		4632480		3578
997		1318		4636414		3573
998		1306		4640282		3574
999		1305		4644194		3574
1000		1295		4644197		3573
1001		1264		4644211		3570
1002		1243		4644222		3571
1003		1235		4644226		3571
1004		1235		4644226		3571
1005		1233		4644227		3572
1006		1224		4644232		3571
1007		1216		4644236		3574
1008		1213		4644238		3573
1009		1209		4644240		3571
1010		1204		4644244		3571
1011		1196		4644249		3571
1012		1195		4644251		3569
1013		1193		4644253		3567
1014		1193		4644253		3567
1015		1188		4644256		3567
1016		1187		4644257		3567
1017		1176		4644264		3574
1018		1175		4644265		3574
1019		1174		4644266		3575
1020		1172		4644267		3574
1021		1170		4644269		3572
1022		1168		4644270		3573
1023		1165		4644272		3576
1024		1163		4644274		3575
1025		1162		4644275		3575
1026		1161		4644276		3573
1027		1160		4644277		3572
1028		1160		4644277		3572
1029		1156		4644280		3574
