# Migration is number of nodes that have changed color.

Round		Edge-Cut		Swaps		Migrations		Skipped
0		7664		3760		3548
1		7319		6961		3474
2		7428		10032		3503
3		7228		13093		3517
4		7232		16078		3526
5		7337		19118		3548
6		7150		22124		3534
7		7164		25083		3507
8		7139		28165		3494
9		7100		31133		3601
10		7257		34166		3520
11		7322		37159		3554
12		7134		40091		3530
13		7107		42980		3531
14		7259		45876		3506
15		7169		48845		3534
16		7109		51853		3492
17		7048		54734		3503
18		7031		57616		3507
19		7046		60442		3508
20		7140		63353		3486
21		7011		66288		3550
22		7164		69116		3531
23		7226		72042		3567
24		7087		74961		3517
25		7103		77837		3522
26		7131		80663		3578
27		6887		83465		3511
28		7068		86213		3549
29		6877		89045		3565
30		6780		91754		3504
31		6763		94418		3562
32		6914		97126		3501
33		7003		99858		3575
34		6842		102539		3531
35		6815		105186		3466
36		6925		107874		3532
37		6787		110585		3523
38		6765		113225		3550
39		6860		115836		3547
40		6933		118547		3515
41		6802		121185		3549
42		6762		123710		3514
43		7043		126402		3515
44		6903		129097		3562
45		6725		131684		3528
46		6753		134203		3532
47		6699		136751		3503
48		6636		139173		3521
49		6697		141659		3575
50		6606		144165		3529
51		6714		146659		3532
52		6543		149081		3555
53		6645		151515		3506
54		6553		153885		3567
55		6483		156275		3530
56		6507		158651		3538
57		6471		160973		3531
58		6520		163335		3506
59		6395		165725		3515
60		6595		168061		3552
61		6392		170373		3558
62		6269		172610		3513
63		6295		174769		3520
64		6360		177013		3547
65		6401		179269		3531
66		6476		181600		3574
67		6369		183854		3549
68		6298		186088		3524
69		6414		188308		3565
70		6363		190562		3539
71		6019		192664		3534
72		6291		194704		3549
73		6324		196898		3551
74		6321		199133		3571
75		6233		201350		3578
76		6285		203539		3536
77		6303		205737		3583
78		6111		207880		3626
79		6159		210017		3585
80		5997		211991		3576
81		5845		213950		3569
82		5821		215833		3538
83		5891		217830		3539
84		5787		219798		3500
85		5726		221639		3542
86		5861		223535		3519
87		5793		225370		3538
88		5837		227258		3544
89		5780		229168		3549
90		5829		231061		3529
91		5863		232919		3557
92		5887		234750		3522
93		5721		236612		3570
94		5645		238410		3575
95		5556		240225		3514
96		5534		242019		3519
97		5502		243709		3491
98		5465		245385		3481
99		5210		246925		3496
100		5387		248498		3544
101		5427		250129		3497
102		5260		251766		3491
103		5223		253224		3520
104		5233		254726		3516
105		5200		256246		3523
106		5169		257697		3546
107		5139		259169		3460
108		5368		260721		3509
109		5265		262255		3531
110		5109		263758		3514
111		5055		265190		3545
112		5003		266569		3560
113		4980		267966		3530
114		4844		269259		3556
115		4654		270479		3491
116		4650		271710		3469
117		4736		272991		3479
118		4736		274305		3547
119		4638		275557		3524
120		4628		276748		3538
121		4366		277893		3527
122		4303		278974		3510
123		4265		280037		3536
124		4270		281107		3518
125		4165		282218		3559
126		3998		283218		3554
127		3946		284179		3550
128		3898		285158		3552
129		3779		286027		3579
130		3680		286863		3530
131		3674		287683		3551
132		3747		288510		3556
133		3828		289371		3523
134		3804		290211		3521
135		3750		291008		3537
136		3717		291876		3544
137		3809		292690		3559
138		3780		293536		3563
139		3709		294357		3537
140		3690		295159		3542
141		3632		295989		3592
142		3618		296761		3522
143		3577		297566		3531
144		3521		298313		3524
145		3429		299093		3537
146		3417		299828		3545
147		3335		300564		3545
148		3246		301261		3580
149		3177		301909		3522
150		3146		302540		3529
151		3129		303156		3537
152		3079		303737		3577
153		3061		304341		3545
154		2944		304923		3517
155		2824		305444		3538
156		2783		305944		3533
157		2742		306451		3527
158		2709		306939		3545
159		2649		307406		3547
160		2653		307874		3526
161		2739		308368		3536
162		2762		308834		3531
163		2730		309289		3558
164		2654		309745		3512
165		2567		310187		3524
166		2518		310588		3506
167		2370		310964		3512
168		2414		311321		3538
169		2405		311690		3547
170		2340		312064		3576
171		2402		312441		3544
172		2408		312799		3549
173		2340		313165		3580
174		2338		313524		3569
175		2257		313867		3556
176		2237		314206		3532
177		2163		314531		3535
178		2092		314831		3538
179		2027		315114		3547
180		2051		315354		3550
181		1955		315608		3554
182		1977		315860		3548
183		2001		316113		3518
184		2016		316386		3537
185		2133		316695		3548
186		2102		316990		3528
187		2062		317268		3520
188		2095		317551		3521
189		2089		317860		3506
190		2057		318138		3524
191		2064		318406		3518
192		1994		318704		3530
193		1940		318974		3533
194		1899		319237		3547
195		1944		319491		3521
196		1898		319745		3518
197		1794		319960		3529
198		1708		320158		3536
199		1685		320335		3540
200		1702		320528		3530
201		1661		320716		3542
202		1629		320902		3539
203		1587		321069		3551
204		1588		321240		3538
205		1575		321409		3539
206		1556		321566		3528
207		1526		321737		3542
208		1530		321891		3542
209		1532		322030		3539
210		1526		322189		3537
211		1511		322330		3535
212		1491		322485		3543
213		1515		322634		3544
214		1482		322775		3535
215		1497		322931		3546
216		1452		323075		3535
217		1492		323219		3556
218		1436		323363		3564
219		1457		323480		3563
220		1455		323613		3553
221		1431		323760		3548
222		1419		323893		3536
223		1361		324001		3535
224		1400		324133		3522
225		1356		324276		3513
226		1320		324395		3523
227		1298		324505		3528
228		1279		324609		3521
229		1293		324715		3525
230		1294		324816		3536
231		1271		324903		3531
232		1283		325014		3537
233		1286		325133		3523
234		1278		325232		3525
235		1244		325325		3519
236		1237		325406		3533
237		1248		325495		3527
238		1237		325576		3533
239		1262		325682		3523
240		1237		325773		3521
241		1220		325861		3530
242		1204		325942		3520
243		1182		326032		3526
244		1167		326118		3525
245		1140		326198		3526
246		1130		326275		3528
247		1124		326356		3525
248		1110		326438		3530
249		1116		326507		3528
250		1090		326584		3537
251		1080		326660		3518
252		1086		326724		3514
253		1060		326793		3519
254		1045		326863		3521
255		1014		326925		3526
256		999		326984		3527
257		1007		327038		3532
258		1011		327088		3528
259		1041		327154		3535
260		1037		327212		3522
261		1019		327271		3527
262		1005		327318		3526
263		992		327355		3520
264		962		327402		3518
265		968		327444		3513
266		968		327500		3510
267		951		327538		3517
268		969		327588		3512
269		973		327622		3510
270		939		327657		3510
271		931		327691		3515
272		935		327729		3525
273		930		327759		3522
274		946		327804		3516
275		970		327838		3517
276		986		327893		3511
277		978		327945		3510
278		977		327993		3509
279		995		328049		3502
280		995		328097		3502
281		991		328160		3502
282		972		328208		3496
283		1006		328257		3497
284		981		328304		3495
285		974		328357		3502
286		971		328411		3500
287		945		328447		3505
288		945		328477		3503
289		946		328523		3505
290		917		328557		3511
291		914		328597		3507
292		901		328632		3517
293		876		328668		3514
294		870		328689		3523
295		875		328713		3529
296		898		328746		3526
297		908		328785		3520
298		907		328814		3519
299		926		328852		3508
300		906		328894		3509
301		917		328924		3509
302		918		328968		3520
303		917		329001		3516
304		905		329032		3513
305		908		329065		3509
306		888		329102		3511
307		860		329134		3513
308		881		329164		3513
309		879		329202		3509
310		869		329241		3500
311		861		329271		3504
312		866		329299		3505
313		856		329329		3503
314		843		329361		3496
315		844		329381		3494
316		846		329410		3490
317		839		329437		3491
318		822		329464		3487
319		812		329492		3491
320		796		329514		3496
321		787		329536		3500
322		792		329553		3498
323		785		329570		3502
324		786		329588		3499
325		784		329601		3497
326		771		329611		3498
327		775		329625		3503
328		769		329640		3501
329		753		329655		3498
330		753		329664		3499
331		756		329673		3502
332		768		329687		3495
333		780		329701		3497
334		775		329716		3499
335		759		329731		3503
336		760		329744		3509
337		768		329754		3508
338		762		329769		3507
339		768		329786		3507
340		760		329804		3506
341		753		329818		3499
342		755		329834		3499
343		762		329843		3499
344		772		329854		3502
345		771		329871		3500
346		767		329888		3500
347		762		329896		3497
348		764		329908		3497
349		755		329919		3501
350		762		329934		3501
351		757		329949		3501
352		737		329965		3499
353		737		329980		3498
354		734		329985		3498
355		739		329998		3502
356		731		330009		3504
357		733		330014		3505
358		743		330027		3503
359		736		330037		3499
360		742		330044		3496
361		748		330050		3498
362		736		330057		3496
363		736		330063		3500
364		736		330075		3498
365		734		330087		3495
366		731		330096		3496
367		726		330107		3498
368		727		330112		3496
369		730		330122		3499
370		730		330124		3500
371		725		330130		3503
372		719		330137		3505
373		721		330144		3507
374		721		330150		3506
375		721		330157		3505
376		716		330163		3502
377		718		330166		3505
378		720		330171		3506
379		721		330179		3505
380		714		330186		3502
381		708		330196		3499
382		703		330200		3500
383		701		330206		3503
384		699		330208		3504
385		694		330214		3506
386		692		330215		3508
387		709		330230		3508
388		711		330236		3508
389		706		330243		3511
390		707		330247		3509
391		707		330251		3507
392		704		330258		3506
393		702		330260		3505
394		701		330264		3504
395		711		330269		3504
396		708		330275		3506
397		709		330281		3504
398		705		330285		3506
399		708		330289		3506
400		714		330295		3509
401		707		330303		3513
402		713		330307		3513
403		708		330316		3514
404		711		330320		3513
405		716		330325		3518
406		717		330328		3517
407		720		330335		3517
408		714		330340		3517
409		711		330342		3517
410		714		330349		3516
411		712		330353		3515
412		721		330360		3513
413		713		330365		3514
414		709		330367		3513
415		711		330376		3511
416		709		330383		3508
417		709		330392		3504
418		707		330393		3505
419		715		330397		3506
420		712		330401		3508
421		711		330406		3506
422		711		330409		3505
423		710		330412		3506
424		705		330419		3507
425		705		330425		3510
426		705		330427		3512
427		707		330430		3512
428		711		330433		3513
429		720		330441		3509
430		717		330445		3507
431		718		330449		3507
432		712		330456		3510
433		708		330465		3508
434		709		330466		3507
435		710		330469		3506
436		708		330475		3501
437		701		330480		3505
438		702		330484		3508
439		700		330488		3509
440		702		330492		3507
441		699		330497		3509
442		697		330499		3510
443		702		330502		3509
444		699		330505		3508
445		701		330507		3508
446		698		330511		3507
447		697		330515		3509
448		696		330520		3513
449		695		330521		3512
450		692		330524		3511
451		686		330532		3513
452		682		330534		3511
453		680		330535		3510
454		680		330540		3511
455		682		330541		3510
456		682		330541		3510
457		677		330544		3510
458		675		330545		3510
459		674		330546		3510
460		676		330550		3510
461		674		330553		3508
462		673		330556		3506
463		673		330558		3506
464		672		330559		3506
465		674		330560		3505
466		674		330560		3505
467		674		330560		3505
468		673		330561		3507
469		674		330562		3508
470		671		330565		3511
471		671		330565		3511
472		670		330566		3511
473		667		330568		3511
474		667		330568		3511
475		666		330571		3510
476		668		330572		3510
477		666		330573		3511
478		666		330576		3510
479		667		330577		3510
480		666		330578		3510
481		663		330580		3512
482		664		330581		3511
483		667		330583		3510
484		667		330583		3510
485		669		330584		3508
486		668		330585		3509
487		663		330588		3510
488		666		330590		3510
489		667		330591		3510
490		666		330592		3511
491		667		330593		3509
492		668		330594		3510
493		667		330596		3512
494		668		330597		3513
495		668		330597		3513
496		667		330600		3513
497		672		330604		3513
498		670		330606		3512
499		667		330607		3514
500		668		330608		3514
501		667		330609		3515
502		670		330610		3513
503		670		330610		3513
504		670		330613		3514
505		669		330614		3515
506		667		330615		3515
507		669		330617		3515
508		672		330618		3516
509		672		330618		3516
510		671		330619		3517
511		671		330619		3517
512		670		330620		3517
513		669		330621		3517
514		670		330623		3515
515		670		330623		3515
516		669		330624		3516
517		668		330626		3515
518		663		330629		3514
519		663		330629		3514
520		663		330629		3514
521		657		330633		3516
522		656		330634		3516
523		658		330635		3515
524		661		330637		3513
525		661		330637		3513
526		660		330639		3513
527		656		330641		3515
528		655		330643		3515
529		653		330645		3516
530		653		330645		3516
531		653		330645		3516
532		653		330645		3516
533		653		330645		3516
534		651		330646		3516
535		652		330647		3517
536		652		330647		3517
537		652		330647		3517
538		654		330648		3517
539		654		330650		3516
540		653		330651		3516
541		653		330651		3516
542		653		330651		3516
543		651		330652		3517
544		651		330652		3517
545		654		330653		3517
546		654		330653		3517
547		651		330654		3517
548		651		330656		3518
549		650		330658		3518
550		650		330658		3518
551		650		330658		3518
552		649		330659		3516
553		649		330659		3516
554		649		330659		3516
555		649		330659		3516
556		648		330660		3516
557		650		330661		3515
558		647		330662		3515
559		647		330662		3515
560		647		330662		3515
561		647		330662		3515
562		647		330662		3515
563		647		330662		3515
564		647		330662		3515
565		649		330663		3515
566		647		330664		3515
567		648		330665		3514
568		648		330665		3514
569		648		330665		3514
570		648		330665		3514
571		649		330666		3515
572		649		330666		3515
573		649		330666		3515
574		650		330668		3516
575		651		330669		3515
576		651		330669		3515
577		650		330670		3515
578		650		330670		3515
579		650		330670		3515
580		649		330671		3514
581		649		330671		3514
582		649		330671		3514
583		652		330673		3515
584		651		330674		3514
585		653		330676		3513
586		654		330677		3514
587		651		330679		3514
588		648		330682		3514
589		648		330682		3514
590		648		330682		3514
591		648		330682		3514
592		648		330682		3514
593		646		330683		3515
594		646		330683		3515
595		646		330683		3515
596		647		330684		3516
597		647		330684		3516
598		647		330684		3516
599		649		330686		3515
600		648		330687		3515
601		648		330687		3515
602		647		330688		3516
603		646		330689		3517
604		646		330689		3517
605		646		330689		3517
606		647		330690		3515
607		647		330690		3515
608		649		330692		3517
609		649		330694		3519
610		649		330694		3519
611		650		330695		3520
612		650		330695		3520
613		649		330696		3520
614		649		330696		3520
615		648		330697		3519
616		650		330698		3518
617		650		330698		3518
618		650		330698		3518
619		649		330699		3518
620		649		330699		3518
621		647		330701		3519
622		648		330702		3519
623		648		330702		3519
624		648		330702		3519
625		648		330702		3519
626		650		330703		3518
627		650		330703		3518
628		650		330703		3518
629		650		330703		3518
630		650		330703		3518
631		651		330704		3516
632		648		330707		3517
633		648		330707		3517
634		647		330708		3518
635		647		330708		3518
636		647		330708		3518
637		647		330708		3518
638		647		330708		3518
639		647		330708		3518
640		647		330708		3518
641		647		330708		3518
642		646		330709		3519
643		646		330709		3519
644		647		330710		3519
645		647		330710		3519
646		646		330711		3519
647		646		330711		3519
648		646		330711		3519
649		646		330711		3519
650		645		330712		3519
651		645		330712		3519
652		643		330713		3518
653		642		330715		3520
654		642		330715		3520
655		641		330716		3520
656		641		330716		3520
657		641		330716		3520
658		640		330718		3521
659		639		330719		3519
660		639		330719		3519
661		639		330719		3519
662		639		330719		3519
663		639		330719		3519
664		639		330719		3519
665		639		330719		3519
666		639		330719		3519
667		639		330719		3519
668		639		330719		3519
669		639		330719		3519
670		639		330719		3519
671		639		330719		3519
672		639		330719		3519
673		638		330720		3517
674		638		330720		3517
675		638		330720		3517
676		638		330720		3517
677		638		330720		3517
678		637		330721		3516
679		636		330722		3515
680		636		330722		3515
681		636		330722		3515
682		636		330722		3515
683		636		330722		3515
684		636		330722		3515
685		636		330722		3515
686		636		330722		3515
687		636		330722		3515
688		636		330722		3515
689		636		330722		3515
690		636		330722		3515
691		636		330722		3515
692		636		330722		3515
693		636		330722		3515
694		636		330722		3515
695		636		330722		3515
696		636		330722		3515
697		636		330722		3515
698		636		330722		3515
699		636		330722		3515
700		636		330722		3515
701		636		330722		3515
702		636		330722		3515
703		636		330722		3515
704		638		330723		3517
705		638		330723		3517
706		638		330723		3517
707		636		330724		3516
708		636		330724		3516
709		636		330724		3516
710		636		330724		3516
711		636		330724		3516
712		636		330724		3516
713		636		330724		3516
714		636		330724		3516
715		636		330724		3516
716		636		330724		3516
717		636		330724		3516
718		636		330724		3516
719		636		330724		3516
720		636		330724		3516
721		636		330724		3516
722		636		330724		3516
723		636		330724		3516
724		636		330724		3516
725		636		330724		3516
726		636		330724		3516
727		636		330724		3516
728		636		330724		3516
729		636		330724		3516
730		636		330724		3516
731		636		330724		3516
732		636		330724		3516
733		636		330724		3516
734		636		330724		3516
735		636		330724		3516
736		636		330724		3516
737		636		330724		3516
738		636		330724		3516
739		636		330724		3516
740		636		330724		3516
741		636		330724		3516
742		636		330724		3516
743		636		330724		3516
744		636		330724		3516
745		636		330724		3516
746		636		330724		3516
747		636		330724		3516
748		636		330724		3516
749		636		330724		3516
750		636		330724		3516
751		635		330725		3516
752		635		330725		3516
753		635		330725		3516
754		635		330725		3516
755		635		330725		3516
756		635		330725		3516
757		635		330725		3516
758		635		330725		3516
759		635		330725		3516
760		635		330725		3516
761		635		330725		3516
762		635		330725		3516
763		635		330725		3516
764		635		330725		3516
765		635		330725		3516
766		635		330725		3516
767		635		330725		3516
768		635		330725		3516
769		635		330725		3516
770		635		330725		3516
771		635		330725		3516
772		635		330725		3516
773		635		330725		3516
774		635		330725		3516
775		635		330725		3516
776		635		330725		3516
777		635		330725		3516
778		635		330725		3516
779		635		330725		3516
780		635		330725		3516
781		635		330725		3516
782		635		330725		3516
783		635		330725		3516
784		635		330725		3516
785		635		330725		3516
786		635		330725		3516
787		635		330725		3516
788		635		330725		3516
789		635		330725		3516
790		635		330725		3516
791		635		330725		3516
792		635		330725		3516
793		635		330725		3516
794		635		330725		3516
795		635		330725		3516
796		635		330725		3516
797		635		330725		3516
798		635		330725		3516
799		633		330726		3516
800		633		330726		3516
801		633		330726		3516
802		633		330726		3516
803		633		330726		3516
804		633		330726		3516
805		633		330726		3516
806		633		330726		3516
807		633		330726		3516
808		633		330726		3516
809		633		330726		3516
810		633		330726		3516
811		633		330726		3516
812		633		330726		3516
813		633		330726		3516
814		633		330726		3516
815		633		330726		3516
816		633		330726		3516
817		633		330726		3516
818		633		330726		3516
819		633		330726		3516
820		633		330726		3516
821		633		330726		3516
822		632		330727		3517
823		632		330727		3517
824		632		330727		3517
825		632		330727		3517
826		632		330727		3517
827		632		330727		3517
828		632		330727		3517
829		632		330727		3517
830		632		330727		3517
831		632		330727		3517
832		632		330727		3517
833		632		330727		3517
834		632		330727		3517
835		632		330727		3517
836		632		330727		3517
837		632		330727		3517
838		632		330727		3517
839		632		330727		3517
840		632		330727		3517
841		632		330727		3517
842		632		330727		3517
843		632		330727		3517
844		632		330727		3517
845		632		330727		3517
846		632		330727		3517
847		632		330727		3517
848		632		330727		3517
849		632		330727		3517
850		632		330727		3517
851		632		330727		3517
852		632		330727		3517
853		632		330727		3517
854		632		330727		3517
855		632		330727		3517
856		632		330727		3517
857		632		330727		3517
858		632		330727		3517
859		632		330727		3517
860		632		330727		3517
861		632		330727		3517
862		632		330727		3517
863		632		330727		3517
864		632		330727		3517
865		632		330727		3517
866		632		330727		3517
867		632		330727		3517
868		632		330727		3517
869		632		330727		3517
870		632		330727		3517
871		632		330727		3517
872		632		330727		3517
873		632		330727		3517
874		632		330727		3517
875		632		330727		3517
876		632		330727		3517
877		632		330727		3517
878		632		330727		3517
879		632		330727		3517
880		632		330727		3517
881		632		330727		3517
882		632		330727		3517
883		632		330727		3517
884		632		330727		3517
885		632		330727		3517
886		632		330727		3517
887		632		330727		3517
888		632		330727		3517
889		632		330727		3517
890		632		330727		3517
891		632		330727		3517
892		632		330727		3517
893		632		330727		3517
894		632		330727		3517
895		632		330727		3517
896		632		330727		3517
897		632		330727		3517
898		632		330727		3517
899		632		330727		3517
900		632		330727		3517
901		632		330727		3517
902		632		330727		3517
903		632		330727		3517
904		632		330727		3517
905		632		330727		3517
906		632		330727		3517
907		632		330727		3517
908		632		330727		3517
909		632		330727		3517
910		632		330727		3517
911		632		330727		3517
912		632		330727		3517
913		632		330727		3517
914		632		330727		3517
915		632		330727		3517
916		632		330727		3517
917		632		330727		3517
918		632		330727		3517
919		632		330727		3517
920		632		330727		3517
921		632		330727		3517
922		632		330727		3517
923		632		330727		3517
924		632		330727		3517
925		632		330727		3517
926		632		330727		3517
927		632		330727		3517
928		632		330727		3517
929		632		330727		3517
930		632		330727		3517
931		632		330727		3517
932		632		330727		3517
933		632		330727		3517
934		632		330727		3517
935		632		330727		3517
936		632		330727		3517
937		632		330727		3517
938		632		330727		3517
939		632		330727		3517
940		632		330727		3517
941		632		330727		3517
942		632		330727		3517
943		632		330727		3517
944		632		330727		3517
945		632		330727		3517
946		632		330727		3517
947		632		330727		3517
948		632		330727		3517
949		632		330727		3517
950		632		330727		3517
951		632		330727		3517
952		632		330727		3517
953		632		330727		3517
954		632		330727		3517
955		632		330727		3517
956		632		330727		3517
957		632		330727		3517
958		632		330727		3517
959		632		330727		3517
960		632		330727		3517
961		632		330727		3517
962		632		330727		3517
963		632		330727		3517
964		632		330727		3517
965		632		330727		3517
966		632		330727		3517
967		632		330727		3517
968		632		330727		3517
969		632		330727		3517
970		632		330727		3517
971		632		330727		3517
972		632		330727		3517
973		632		330727		3517
974		632		330727		3517
975		632		330727		3517
976		632		330727		3517
977		632		330727		3517
978		632		330727		3517
979		632		330727		3517
980		632		330727		3517
981		632		330727		3517
982		632		330727		3517
983		632		330727		3517
984		632		330727		3517
985		632		330727		3517
986		632		330727		3517
987		632		330727		3517
988		632		330727		3517
989		632		330727		3517
990		632		330727		3517
991		632		330727		3517
992		632		330727		3517
993		632		330727		3517
994		632		330727		3517
995		632		330727		3517
996		632		330727		3517
997		632		330727		3517
998		632		330727		3517
999		632		330727		3517
1000		632		330727		3517
1001		632		330727		3517
1002		632		330727		3517
1003		632		330727		3517
1004		632		330727		3517
1005		632		330727		3517
1006		632		330727		3517
1007		632		330727		3517
1008		632		330727		3517
1009		632		330727		3517
1010		632		330727		3517
1011		632		330727		3517
1012		632		330727		3517
1013		632		330727		3517
1014		632		330727		3517
1015		632		330727		3517
1016		632		330727		3517
1017		632		330727		3517
1018		632		330727		3517
1019		632		330727		3517
1020		632		330727		3517
1021		632		330727		3517
1022		632		330727		3517
1023		632		330727		3517
1024		632		330727		3517
1025		632		330727		3517
1026		632		330727		3517
1027		632		330727		3517
1028		632		330727		3517
1029		632		330727		3517
