# Migration is number of nodes that have changed color.

Round		Edge-Cut		Swaps		Migrations		Skipped
0		6587		4583		2782
1		5713		8975		3073
2		5194		13297		3212
3		4840		17522		3245
4		4495		21785		3304
5		4308		26009		3307
6		4140		30194		3307
7		3999		34388		3294
8		3952		38541		3318
9		3696		42725		3338
10		3549		46849		3337
11		3526		50961		3353
12		3466		55072		3353
13		3370		59216		3363
14		3245		63273		3374
15		3152		67304		3376
16		3122		71388		3396
17		3065		75445		3402
18		3007		79483		3388
19		2909		83501		3379
20		2826		87512		3380
21		2742		91504		3388
22		2649		95513		3391
23		2617		99479		3389
24		2553		103448		3389
25		2502		107424		3389
26		2487		111393		3398
27		2433		115355		3408
28		2373		119330		3398
29		2307		123299		3406
30		2272		127222		3416
31		2214		131207		3412
32		2147		135153		3409
33		2095		139076		3427
34		2058		143000		3433
35		2025		146953		3434
36		1990		150893		3425
37		1959		154817		3431
38		1923		158710		3440
39		1897		162645		3441
40		1870		166576		3444
41		1833		170467		3432
42		1823		174395		3430
43		1803		178286		3432
44		1780		182184		3434
45		1769		186050		3434
46		1748		189935		3435
47		1741		193836		3437
48		1731		197705		3430
49		1718		201617		3430
50		1712		205524		3434
51		1706		209442		3436
52		1691		213308		3434
53		1674		213319		3433
54		1666		213325		3437
55		1652		213335		3434
56		1636		213345		3432
57		1628		213353		3435
58		1616		213360		3432
59		1610		213364		3436
60		1594		213376		3437
61		1589		213381		3436
62		1584		213384		3435
63		1580		213387		3436
64		1579		213388		3435
65		1570		213394		3434
66		1557		213402		3434
67		1550		213404		3434
68		1546		213407		3432
69		1535		213414		3432
70		1529		213418		3432
71		1527		213420		3433
72		1521		213424		3431
73		1517		213426		3429
74		1515		213428		3431
75		1509		213431		3430
76		1505		213434		3432
77		1496		213439		3431
78		1494		213441		3429
79		1490		213444		3427
80		1484		213448		3426
81		1480		213450		3426
82		1478		213452		3425
83		1478		213452		3425
84		1478		213452		3425
85		1474		213454		3426
86		1472		213455		3427
87		1470		213457		3425
88		1469		213458		3425
89		1467		213460		3424
90		1465		213462		3424
91		1465		213462		3424
92		1465		213462		3424
93		1464		213463		3425
94		1464		213463		3425
95		1462		213464		3427
96		1460		213465		3428
97		1460		213465		3428
98		1458		213466		3427
99		1456		213468		3428
100		1456		213468		3428
101		1455		213469		3429
102		1452		213472		3430
103		1450		213473		3431
104		1450		213473		3431
105		1449		213474		3430
106		1449		213474		3430
107		1449		213474		3430
108		1449		213474		3430
109		1449		213474		3430
110		1449		213474		3430
111		1449		213474		3430
112		1449		213474		3430
113		1449		213474		3430
114		1449		213474		3430
115		1448		213475		3430
116		1446		213476		3429
117		1446		213476		3429
118		1446		213476		3429
119		1446		213476		3429
120		1442		213478		3428
121		1441		213479		3427
122		1439		213480		3425
123		1437		213481		3423
124		1436		213482		3422
125		1436		213482		3422
126		1436		213482		3422
127		1434		213484		3424
128		1434		213484		3424
129		1434		213484		3424
130		1434		213484		3424
131		1434		213484		3424
132		1434		213484		3424
133		1432		213485		3424
134		1432		213485		3424
135		1430		213486		3425
136		1430		213486		3425
137		1430		213486		3425
138		1430		213486		3425
139		1430		213486		3425
140		1430		213486		3425
141		1430		213486		3425
142		1430		213486		3425
143		1430		213486		3425
144		1430		213486		3425
145		1430		213486		3425
146		1430		213486		3425
147		1430		213486		3425
148		1430		213486		3425
149		1430		213486		3425
150		1430		213486		3425
151		1430		213486		3425
152		1430		213486		3425
153		1430		213486		3425
154		1430		213486		3425
155		1430		213486		3425
156		1430		213486		3425
157		1430		213486		3425
158		1430		213486		3425
159		1430		213486		3425
160		1430		213486		3425
161		1430		213486		3425
162		1430		213486		3425
163		1430		213486		3425
164		1430		213486		3425
165		1430		213486		3425
166		1430		213486		3425
167		1430		213486		3425
168		1430		213486		3425
169		1430		213486		3425
170		1430		213486		3425
171		1430		213486		3425
172		1430		213486		3425
173		1430		213486		3425
174		1430		213486		3425
175		1430		213486		3425
176		1430		213486		3425
177		1430		213486		3425
178		1430		213486		3425
179		1430		213486		3425
180		1430		213486		3425
181		1430		213486		3425
182		1430		213486		3425
183		1430		213486		3425
184		1430		213486		3425
185		1430		213486		3425
186		1430		213486		3425
187		1430		213486		3425
188		1430		213486		3425
189		1430		213486		3425
190		1430		213486		3425
191		1430		213486		3425
192		1430		213486		3425
193		1430		213486		3425
194		1430		213486		3425
195		1430		213486		3425
196		1430		213486		3425
197		1430		213486		3425
198		1430		213486		3425
199		1430		213486		3425
200		1430		213486		3425
201		1430		213486		3425
202		1430		213486		3425
203		1430		213486		3425
204		1430		213486		3425
205		1430		213486		3425
206		1430		213486		3425
207		1430		213486		3425
208		1430		213486		3425
209		1430		213486		3425
210		1430		213486		3425
211		1430		213486		3425
212		1430		213486		3425
213		1430		213486		3425
214		1430		213486		3425
215		1430		213486		3425
216		1430		213486		3425
217		1430		213486		3425
218		1430		213486		3425
219		1430		213486		3425
220		1430		213486		3425
221		1430		213486		3425
222		1430		213486		3425
223		1430		213486		3425
224		1430		213486		3425
225		1430		213486		3425
226		1430		213486		3425
227		1430		213486		3425
228		1430		213486		3425
229		1430		213486		3425
230		1430		213486		3425
231		1430		213486		3425
232		1430		213486		3425
233		1430		213486		3425
234		1430		213486		3425
235		1430		213486		3425
236		1430		213486		3425
237		1430		213486		3425
238		1430		213486		3425
239		1430		213486		3425
240		1430		213486		3425
241		1430		213486		3425
242		1430		213486		3425
243		1430		213486		3425
244		1430		213486		3425
245		1430		213486		3425
246		1430		213486		3425
247		1430		213486		3425
248		1430		213486		3425
249		1430		213486		3425
250		1430		213486		3425
251		1430		213486		3425
252		1430		213486		3425
253		1430		213486		3425
254		1430		213486		3425
255		1430		213486		3425
256		1430		213486		3425
257		1430		213486		3425
258		1430		213486		3425
259		1430		213486		3425
260		1430		213486		3425
261		1430		213486		3425
262		1430		213486		3425
263		1430		213486		3425
264		1430		213486		3425
265		1430		213486		3425
266		1430		213486		3425
267		1430		213486		3425
268		1430		213486		3425
269		1430		213486		3425
270		1430		213486		3425
271		1430		213486		3425
272		1430		213486		3425
273		1430		213486		3425
274		1430		213486		3425
275		1430		213486		3425
276		1430		213486		3425
277		1430		213486		3425
278		1430		213486		3425
279		1430		213486		3425
280		1430		213486		3425
281		1430		213486		3425
282		1430		213486		3425
283		1430		213486		3425
284		1430		213486		3425
285		1430		213486		3425
286		1430		213486		3425
287		1430		213486		3425
288		1430		213486		3425
289		1430		213486		3425
290		1430		213486		3425
291		1430		213486		3425
292		1430		213486		3425
293		1430		213486		3425
294		1430		213486		3425
295		1430		213486		3425
296		1430		213486		3425
297		1430		213486		3425
298		1430		213486		3425
299		1430		213486		3425
300		1430		213486		3425
301		1430		213486		3425
302		1430		213486		3425
303		1430		213486		3425
304		1430		213486		3425
305		1430		213486		3425
306		1430		213486		3425
307		1430		213486		3425
308		1430		213486		3425
309		1430		213486		3425
310		1430		213486		3425
311		1430		213486		3425
312		1430		213486		3425
313		1430		213486		3425
314		1430		213486		3425
315		1430		213486		3425
316		1430		213486		3425
317		1430		213486		3425
318		1430		213486		3425
319		1430		213486		3425
320		1430		213486		3425
321		1430		213486		3425
322		1430		213486		3425
323		1430		213486		3425
324		1430		213486		3425
325		1430		213486		3425
326		1430		213486		3425
327		1430		213486		3425
328		1430		213486		3425
329		1430		213486		3425
330		1430		213486		3425
331		1430		213486		3425
332		1430		213486		3425
333		1430		213486		3425
334		1430		213486		3425
335		1430		213486		3425
336		1430		213486		3425
337		1430		213486		3425
338		1430		213486		3425
339		1430		213486		3425
340		1430		213486		3425
341		1430		213486		3425
342		1430		213486		3425
343		1430		213486		3425
344		1430		213486		3425
345		1430		213486		3425
346		1430		213486		3425
347		1430		213486		3425
348		1430		213486		3425
349		1430		213486		3425
350		1430		213486		3425
351		1430		213486		3425
352		1430		213486		3425
353		1430		213486		3425
354		1430		213486		3425
355		1430		213486		3425
356		1430		213486		3425
357		1430		213486		3425
358		1430		213486		3425
359		1430		213486		3425
360		1430		213486		3425
361		1430		213486		3425
362		1430		213486		3425
363		1430		213486		3425
364		1430		213486		3425
365		1430		213486		3425
366		1430		213486		3425
367		1430		213486		3425
368		1430		213486		3425
369		1430		213486		3425
370		1430		213486		3425
371		1430		213486		3425
372		1430		213486		3425
373		1430		213486		3425
374		1430		213486		3425
375		1430		213486		3425
376		1430		213486		3425
377		1430		213486		3425
378		1430		213486		3425
379		1430		213486		3425
380		1430		213486		3425
381		1430		213486		3425
382		1430		213486		3425
383		1430		213486		3425
384		1430		213486		3425
385		1430		213486		3425
386		1430		213486		3425
387		1430		213486		3425
388		1430		213486		3425
389		1430		213486		3425
390		1430		213486		3425
391		1430		213486		3425
392		1430		213486		3425
393		1430		213486		3425
394		1430		213486		3425
395		1430		213486		3425
396		1430		213486		3425
397		1430		213486		3425
398		1430		213486		3425
399		1430		213486		3425
400		1430		213486		3425
401		1430		213486		3425
402		1430		213486		3425
403		1430		213486		3425
404		1430		213486		3425
405		1430		213486		3425
406		1430		213486		3425
407		1430		213486		3425
408		1430		213486		3425
409		1430		213486		3425
410		1430		213486		3425
411		1430		213486		3425
412		1430		213486		3425
413		1430		213486		3425
414		1430		213486		3425
415		1430		213486		3425
416		1430		213486		3425
417		1430		213486		3425
418		1430		213486		3425
419		1430		213486		3425
420		1430		213486		3425
421		1430		213486		3425
422		1430		213486		3425
423		1430		213486		3425
424		1430		213486		3425
425		1430		213486		3425
426		1430		213486		3425
427		1430		213486		3425
428		1430		213486		3425
429		1430		213486		3425
430		1430		213486		3425
431		1430		213486		3425
432		1430		213486		3425
433		1430		213486		3425
434		1430		213486		3425
435		1430		213486		3425
436		1430		213486		3425
437		1430		213486		3425
438		1430		213486		3425
439		1430		213486		3425
440		1430		213486		3425
441		1430		213486		3425
442		1430		213486		3425
443		1430		213486		3425
444		1430		213486		3425
445		1430		213486		3425
446		1430		213486		3425
447		1430		213486		3425
448		1430		213486		3425
449		1430		213486		3425
450		1430		213486		3425
451		1430		213486		3425
452		1430		213486		3425
453		1430		213486		3425
454		1430		213486		3425
455		1430		213486		3425
456		1430		213486		3425
457		1430		213486		3425
458		1430		213486		3425
459		1430		213486		3425
460		1430		213486		3425
461		1430		213486		3425
462		1430		213486		3425
463		1430		213486		3425
464		1430		213486		3425
465		1430		213486		3425
466		1430		213486		3425
467		1430		213486		3425
468		1430		213486		3425
469		1430		213486		3425
470		1430		213486		3425
471		1430		213486		3425
472		1430		213486		3425
473		1430		213486		3425
474		1430		213486		3425
475		1430		213486		3425
476		1430		213486		3425
477		1430		213486		3425
478		1430		213486		3425
479		1430		213486		3425
480		1430		213486		3425
481		1430		213486		3425
482		1430		213486		3425
483		1430		213486		3425
484		1430		213486		3425
485		1430		213486		3425
486		1430		213486		3425
487		1430		213486		3425
488		1430		213486		3425
489		1430		213486		3425
490		1430		213486		3425
491		1430		213486		3425
492		1430		213486		3425
493		1430		213486		3425
494		1430		213486		3425
495		1430		213486		3425
496		1430		213486		3425
497		1430		213486		3425
498		1430		213486		3425
499		1430		213486		3425
500		1430		213486		3425
501		1430		213486		3425
502		1430		213486		3425
503		1430		213486		3425
504		1430		213486		3425
505		1430		213486		3425
506		1430		213486		3425
507		1430		213486		3425
508		1430		213486		3425
509		1430		213486		3425
510		1430		213486		3425
511		1430		213486		3425
512		1430		213486		3425
513		1430		213486		3425
514		1430		213486		3425
515		1430		213486		3425
516		1430		213486		3425
517		1430		213486		3425
518		1430		213486		3425
519		1430		213486		3425
520		1430		213486		3425
521		1430		213486		3425
522		1430		213486		3425
523		1430		213486		3425
524		1430		213486		3425
525		1430		213486		3425
526		1430		213486		3425
527		1430		213486		3425
528		1430		213486		3425
529		1430		213486		3425
530		1430		213486		3425
531		1430		213486		3425
532		1430		213486		3425
533		1430		213486		3425
534		1430		213486		3425
535		1430		213486		3425
536		1430		213486		3425
537		1430		213486		3425
538		1430		213486		3425
539		1430		213486		3425
540		1430		213486		3425
541		1430		213486		3425
542		1430		213486		3425
543		1430		213486		3425
544		1430		213486		3425
545		1430		213486		3425
546		1430		213486		3425
547		1430		213486		3425
548		1430		213486		3425
549		1430		213486		3425
550		1430		213486		3425
551		1430		213486		3425
552		1430		213486		3425
553		1430		213486		3425
554		1430		213486		3425
555		1430		213486		3425
556		1430		213486		3425
557		1430		213486		3425
558		1430		213486		3425
559		1430		213486		3425
560		1430		213486		3425
561		1430		213486		3425
562		1430		213486		3425
563		1430		213486		3425
564		1430		213486		3425
565		1430		213486		3425
566		1430		213486		3425
567		1430		213486		3425
568		1430		213486		3425
569		1430		213486		3425
570		1430		213486		3425
571		1430		213486		3425
572		1430		213486		3425
573		1430		213486		3425
574		1430		213486		3425
575		1430		213486		3425
576		1430		213486		3425
577		1430		213486		3425
578		1430		213486		3425
579		1430		213486		3425
580		1430		213486		3425
581		1430		213486		3425
582		1430		213486		3425
583		1430		213486		3425
584		1430		213486		3425
585		1430		213486		3425
586		1430		213486		3425
587		1430		213486		3425
588		1430		213486		3425
589		1430		213486		3425
590		1430		213486		3425
591		1430		213486		3425
592		1430		213486		3425
593		1430		213486		3425
594		1430		213486		3425
595		1430		213486		3425
596		1430		213486		3425
597		1430		213486		3425
598		1430		213486		3425
599		1430		213486		3425
600		1430		213486		3425
601		1430		213486		3425
602		1430		213486		3425
603		1430		213486		3425
604		1430		213486		3425
605		1430		213486		3425
606		1430		213486		3425
607		1430		213486		3425
608		1430		213486		3425
609		1430		213486		3425
610		1430		213486		3425
611		1430		213486		3425
612		1430		213486		3425
613		1430		213486		3425
614		1430		213486		3425
615		1430		213486		3425
616		1430		213486		3425
617		1430		213486		3425
618		1430		213486		3425
619		1430		213486		3425
620		1430		213486		3425
621		1430		213486		3425
622		1430		213486		3425
623		1430		213486		3425
624		1430		213486		3425
625		1430		213486		3425
626		1430		213486		3425
627		1430		213486		3425
628		1430		213486		3425
629		1430		213486		3425
630		1430		213486		3425
631		1430		213486		3425
632		1430		213486		3425
633		1430		213486		3425
634		1430		213486		3425
635		1430		213486		3425
636		1430		213486		3425
637		1430		213486		3425
638		1430		213486		3425
639		1430		213486		3425
640		1430		213486		3425
641		1430		213486		3425
642		1430		213486		3425
643		1430		213486		3425
644		1430		213486		3425
645		1430		213486		3425
646		1430		213486		3425
647		1430		213486		3425
648		1430		213486		3425
649		1430		213486		3425
650		1430		213486		3425
651		1430		213486		3425
652		1430		213486		3425
653		1430		213486		3425
654		1430		213486		3425
655		1430		213486		3425
656		1430		213486		3425
657		1430		213486		3425
658		1430		213486		3425
659		1430		213486		3425
660		1430		213486		3425
661		1430		213486		3425
662		1430		213486		3425
663		1430		213486		3425
664		1430		213486		3425
665		1430		213486		3425
666		1430		213486		3425
667		1430		213486		3425
668		1430		213486		3425
669		1430		213486		3425
670		1430		213486		3425
671		1430		213486		3425
672		1430		213486		3425
673		1430		213486		3425
674		1430		213486		3425
675		1430		213486		3425
676		1430		213486		3425
677		1430		213486		3425
678		1430		213486		3425
679		1430		213486		3425
680		1430		213486		3425
681		1430		213486		3425
682		1430		213486		3425
683		1430		213486		3425
684		1430		213486		3425
685		1430		213486		3425
686		1430		213486		3425
687		1430		213486		3425
688		1430		213486		3425
689		1430		213486		3425
690		1430		213486		3425
691		1430		213486		3425
692		1430		213486		3425
693		1430		213486		3425
694		1430		213486		3425
695		1430		213486		3425
696		1430		213486		3425
697		1430		213486		3425
698		1430		213486		3425
699		1430		213486		3425
700		1430		213486		3425
701		1430		213486		3425
702		1430		213486		3425
703		1430		213486		3425
704		1430		213486		3425
705		1430		213486		3425
706		1430		213486		3425
707		1430		213486		3425
708		1430		213486		3425
709		1430		213486		3425
710		1430		213486		3425
711		1430		213486		3425
712		1430		213486		3425
713		1430		213486		3425
714		1430		213486		3425
715		1430		213486		3425
716		1430		213486		3425
717		1430		213486		3425
718		1430		213486		3425
719		1430		213486		3425
720		1430		213486		3425
721		1430		213486		3425
722		1430		213486		3425
723		1430		213486		3425
724		1430		213486		3425
725		1430		213486		3425
726		1430		213486		3425
727		1430		213486		3425
728		1430		213486		3425
729		1430		213486		3425
730		1430		213486		3425
731		1430		213486		3425
732		1430		213486		3425
733		1430		213486		3425
734		1430		213486		3425
735		1430		213486		3425
736		1430		213486		3425
737		1430		213486		3425
738		1430		213486		3425
739		1430		213486		3425
740		1430		213486		3425
741		1430		213486		3425
742		1430		213486		3425
743		1430		213486		3425
744		1430		213486		3425
745		1430		213486		3425
746		1430		213486		3425
747		1430		213486		3425
748		1430		213486		3425
749		1430		213486		3425
750		1430		213486		3425
751		1430		213486		3425
752		1430		213486		3425
753		1430		213486		3425
754		1430		213486		3425
755		1430		213486		3425
756		1430		213486		3425
757		1430		213486		3425
758		1430		213486		3425
759		1430		213486		3425
760		1430		213486		3425
761		1430		213486		3425
762		1430		213486		3425
763		1430		213486		3425
764		1430		213486		3425
765		1430		213486		3425
766		1430		213486		3425
767		1430		213486		3425
768		1430		213486		3425
769		1430		213486		3425
770		1430		213486		3425
771		1430		213486		3425
772		1430		213486		3425
773		1430		213486		3425
774		1430		213486		3425
775		1430		213486		3425
776		1430		213486		3425
777		1430		213486		3425
778		1430		213486		3425
779		1430		213486		3425
780		1430		213486		3425
781		1430		213486		3425
782		1430		213486		3425
783		1430		213486		3425
784		1430		213486		3425
785		1430		213486		3425
786		1430		213486		3425
787		1430		213486		3425
788		1430		213486		3425
789		1430		213486		3425
790		1430		213486		3425
791		1430		213486		3425
792		1430		213486		3425
793		1430		213486		3425
794		1430		213486		3425
795		1430		213486		3425
796		1430		213486		3425
797		1430		213486		3425
798		1430		213486		3425
799		1430		213486		3425
800		1430		213486		3425
801		1430		213486		3425
802		1430		213486		3425
803		1430		213486		3425
804		1430		213486		3425
805		1430		213486		3425
806		1430		213486		3425
807		1430		213486		3425
808		1430		213486		3425
809		1430		213486		3425
810		1430		213486		3425
811		1430		213486		3425
812		1430		213486		3425
813		1430		213486		3425
814		1430		213486		3425
815		1430		213486		3425
816		1430		213486		3425
817		1430		213486		3425
818		1430		213486		3425
819		1430		213486		3425
820		1430		213486		3425
821		1430		213486		3425
822		1430		213486		3425
823		1430		213486		3425
824		1430		213486		3425
825		1430		213486		3425
826		1430		213486		3425
827		1430		213486		3425
828		1430		213486		3425
829		1430		213486		3425
830		1430		213486		3425
831		1430		213486		3425
832		1430		213486		3425
833		1430		213486		3425
834		1430		213486		3425
835		1430		213486		3425
836		1430		213486		3425
837		1430		213486		3425
838		1430		213486		3425
839		1430		213486		3425
840		1430		213486		3425
841		1430		213486		3425
842		1430		213486		3425
843		1430		213486		3425
844		1430		213486		3425
845		1430		213486		3425
846		1430		213486		3425
847		1430		213486		3425
848		1430		213486		3425
849		1430		213486		3425
850		1430		213486		3425
851		1430		213486		3425
852		1430		213486		3425
853		1430		213486		3425
854		1430		213486		3425
855		1430		213486		3425
856		1430		213486		3425
857		1430		213486		3425
858		1430		213486		3425
859		1430		213486		3425
860		1430		213486		3425
861		1430		213486		3425
862		1430		213486		3425
863		1430		213486		3425
864		1430		213486		3425
865		1430		213486		3425
866		1430		213486		3425
867		1430		213486		3425
868		1430		213486		3425
869		1430		213486		3425
870		1430		213486		3425
871		1430		213486		3425
872		1430		213486		3425
873		1430		213486		3425
874		1430		213486		3425
875		1430		213486		3425
876		1430		213486		3425
877		1430		213486		3425
878		1430		213486		3425
879		1430		213486		3425
880		1430		213486		3425
881		1430		213486		3425
882		1430		213486		3425
883		1430		213486		3425
884		1430		213486		3425
885		1430		213486		3425
886		1430		213486		3425
887		1430		213486		3425
888		1430		213486		3425
889		1430		213486		3425
890		1430		213486		3425
891		1430		213486		3425
892		1430		213486		3425
893		1430		213486		3425
894		1430		213486		3425
895		1430		213486		3425
896		1430		213486		3425
897		1430		213486		3425
898		1430		213486		3425
899		1430		213486		3425
900		1430		213486		3425
901		1430		213486		3425
902		1430		213486		3425
903		1430		213486		3425
904		1430		213486		3425
905		1430		213486		3425
906		1430		213486		3425
907		1430		213486		3425
908		1430		213486		3425
909		1430		213486		3425
910		1430		213486		3425
911		1430		213486		3425
912		1430		213486		3425
913		1430		213486		3425
914		1430		213486		3425
915		1430		213486		3425
916		1430		213486		3425
917		1430		213486		3425
918		1430		213486		3425
919		1430		213486		3425
920		1430		213486		3425
921		1430		213486		3425
922		1430		213486		3425
923		1430		213486		3425
924		1430		213486		3425
925		1430		213486		3425
926		1430		213486		3425
927		1430		213486		3425
928		1430		213486		3425
929		1430		213486		3425
930		1430		213486		3425
931		1430		213486		3425
932		1430		213486		3425
933		1430		213486		3425
934		1430		213486		3425
935		1430		213486		3425
936		1430		213486		3425
937		1430		213486		3425
938		1430		213486		3425
939		1430		213486		3425
940		1430		213486		3425
941		1430		213486		3425
942		1430		213486		3425
943		1430		213486		3425
944		1430		213486		3425
945		1430		213486		3425
946		1430		213486		3425
947		1430		213486		3425
948		1430		213486		3425
949		1430		213486		3425
950		1430		213486		3425
951		1430		213486		3425
952		1430		213486		3425
953		1430		213486		3425
954		1430		213486		3425
955		1430		213486		3425
956		1430		213486		3425
957		1430		213486		3425
958		1430		213486		3425
959		1430		213486		3425
960		1430		213486		3425
961		1430		213486		3425
962		1430		213486		3425
963		1430		213486		3425
964		1430		213486		3425
965		1430		213486		3425
966		1430		213486		3425
967		1430		213486		3425
968		1430		213486		3425
969		1430		213486		3425
970		1430		213486		3425
971		1430		213486		3425
972		1430		213486		3425
973		1430		213486		3425
974		1430		213486		3425
975		1430		213486		3425
976		1430		213486		3425
977		1430		213486		3425
978		1430		213486		3425
979		1430		213486		3425
980		1430		213486		3425
981		1430		213486		3425
982		1430		213486		3425
983		1430		213486		3425
984		1430		213486		3425
985		1430		213486		3425
986		1430		213486		3425
987		1430		213486		3425
988		1430		213486		3425
989		1430		213486		3425
990		1430		213486		3425
991		1430		213486		3425
992		1430		213486		3425
993		1430		213486		3425
994		1430		213486		3425
995		1430		213486		3425
996		1430		213486		3425
997		1430		213486		3425
998		1430		213486		3425
999		1430		213486		3425
1000		1430		213486		3425
1001		1430		213486		3425
1002		1430		213486		3425
1003		1430		213486		3425
1004		1430		213486		3425
1005		1430		213486		3425
1006		1430		213486		3425
1007		1430		213486		3425
1008		1430		213486		3425
1009		1430		213486		3425
1010		1430		213486		3425
1011		1430		213486		3425
1012		1430		213486		3425
1013		1430		213486		3425
1014		1430		213486		3425
1015		1430		213486		3425
1016		1430		213486		3425
1017		1430		213486		3425
1018		1430		213486		3425
1019		1430		213486		3425
1020		1430		213486		3425
1021		1430		213486		3425
1022		1430		213486		3425
1023		1430		213486		3425
1024		1430		213486		3425
1025		1430		213486		3425
1026		1430		213486		3425
1027		1430		213486		3425
1028		1430		213486		3425
1029		1430		213486		3425
