# Migration is number of nodes that have changed color.

Round		Edge-Cut		Swaps		Migrations		Skipped
0		4552		2213		1912
1		4792		4410		1821
2		4830		6595		1775
3		4755		8769		1788
4		4728		10937		1771
5		4657		13126		1807
6		4742		15302		1807
7		4745		17494		1777
8		4751		19696		1812
9		4689		21895		1794
10		4662		24057		1782
11		4886		26246		1821
12		4638		28430		1777
13		4741		30621		1798
14		4839		32829		1799
15		4873		35041		1812
16		4742		37248		1823
17		4761		39442		1791
18		4687		41636		1784
19		4740		43813		1784
20		4561		46009		1809
21		4703		48203		1838
22		4642		50390		1804
23		4700		52568		1829
24		4688		54759		1745
25		4684		56940		1783
26		4686		59126		1787
27		4795		61315		1821
28		4646		63498		1755
29		4624		65665		1776
30		4761		67861		1806
31		4698		70057		1763
32		4529		72239		1796
33		4644		74415		1785
34		4857		76613		1821
35		4880		78783		1820
36		4511		80971		1796
37		4726		83151		1817
38		4658		85306		1790
39		4567		87496		1799
40		4715		89689		1795
41		4806		91907		1805
42		4683		94083		1810
43		4820		96258		1805
44		4756		98435		1787
45		4836		100632		1812
46		4765		102830		1780
47		4650		105003		1781
48		4825		107211		1786
49		4714		109411		1795
50		4688		111579		1792
51		4770		113765		1770
52		4564		115945		1800
53		4800		118115		1827
54		4865		120316		1807
55		4750		122512		1801
56		4682		124696		1828
57		4775		126886		1842
58		4780		129049		1799
59		4728		131213		1801
60		4637		133390		1820
61		4763		135572		1810
62		4628		137753		1796
63		4694		139948		1774
64		4778		142123		1812
65		4717		144327		1802
66		4742		146529		1753
67		4659		148704		1807
68		4647		150895		1772
69		4746		153060		1806
70		4731		155261		1816
71		4890		157447		1768
72		4816		159623		1818
73		4862		161784		1781
74		4688		163979		1768
75		4628		166148		1775
76		4692		168337		1811
77		4778		170493		1780
78		4723		172680		1809
79		4738		174852		1786
80		4671		177025		1774
81		4768		179233		1800
82		4567		181393		1796
83		4765		183565		1802
84		4679		185746		1821
85		4697		187917		1804
86		4647		190102		1821
87		4637		192272		1810
88		4816		194461		1798
89		4497		196636		1793
90		4729		198846		1815
91		4652		201041		1807
92		4628		203174		1828
93		4786		205364		1812
94		4716		207531		1768
95		4780		209695		1801
96		4780		211868		1813
97		4650		214036		1814
98		4706		216205		1827
99		4811		218392		1812
100		4642		220568		1777
101		4702		222757		1787
102		4756		224935		1776
103		4811		227131		1788
104		4765		229305		1788
105		4795		231468		1776
106		4667		233629		1826
107		4684		235823		1765
108		4773		238001		1774
109		4749		240155		1818
110		4734		242318		1795
111		4754		244498		1778
112		4630		246688		1778
113		4648		248855		1802
114		4752		251040		1790
115		4652		253224		1788
116		4633		255395		1775
117		4632		257569		1779
118		4720		259750		1812
119		4805		261919		1767
120		4606		264083		1774
121		4713		266255		1771
122		4776		268443		1780
123		4697		270610		1796
124		4803		272758		1841
125		4643		274938		1796
126		4705		277101		1772
127		4734		279309		1774
128		4841		281462		1786
129		4678		283633		1762
130		4746		285815		1776
131		4776		288008		1782
132		4734		290184		1775
133		4570		292347		1810
134		4577		294541		1835
135		4683		296682		1811
136		4723		298840		1787
137		4712		301013		1810
138		4728		303172		1784
139		4607		305326		1803
140		4624		307476		1800
141		4769		309664		1796
142		4649		311843		1796
143		4758		314025		1830
144		4655		316210		1749
145		4867		318365		1821
146		4754		320527		1781
147		4527		322696		1803
148		4684		324844		1781
149		4684		327035		1800
150		4792		329175		1777
151		4773		331352		1837
152		4809		333527		1796
153		4738		335683		1818
154		4742		337838		1774
155		4773		340006		1829
156		4690		342168		1820
157		4762		344320		1805
158		4632		346472		1782
159		4713		348642		1781
160		4856		350832		1790
161		4575		353010		1765
162		4797		355154		1817
163		4739		357334		1815
164		4704		359489		1835
165		4745		361666		1788
166		4690		363828		1794
167		4758		365996		1800
168		4840		368167		1810
169		4795		370338		1804
170		4792		372511		1795
171		4769		374662		1756
172		4678		376821		1848
173		4838		379003		1779
174		4452		381168		1795
175		4848		383326		1808
176		4724		385510		1739
177		4723		387677		1808
178		4768		389840		1802
179		4703		392012		1812
180		4680		394175		1796
181		4788		396366		1772
182		4768		398534		1826
183		4678		400684		1815
184		4722		402841		1781
185		4606		405000		1773
186		4671		407148		1787
187		4681		409314		1765
188		4748		411506		1778
189		4827		413693		1804
190		4840		415868		1781
191		4525		418028		1752
192		4760		420182		1768
193		4677		422359		1781
194		4475		424521		1784
195		4799		426685		1791
196		4665		428821		1787
197		4713		430978		1773
198		4687		433149		1787
199		4714		435300		1785
200		4654		437460		1798
201		4652		439616		1812
202		4672		441747		1813
203		4708		443921		1836
204		4655		446084		1785
205		4760		448223		1822
206		4790		450381		1788
207		4622		452530		1798
208		4731		454679		1770
209		4796		456847		1784
210		4747		459020		1767
211		4800		461206		1835
212		4823		463364		1836
213		4845		465517		1803
214		4676		467685		1825
215		4808		469838		1809
216		4670		472016		1768
217		4826		474180		1791
218		4789		476355		1813
219		4854		478515		1787
220		4699		480698		1768
221		4665		482848		1795
222		4720		485007		1777
223		4650		487182		1777
224		4744		489336		1818
225		4724		491490		1791
226		4748		493625		1757
227		4757		495787		1785
228		4801		497947		1822
229		4713		500104		1802
230		4791		502264		1805
231		4755		504422		1751
232		4718		506556		1771
233		4729		508703		1803
234		4681		510872		1749
235		4770		513041		1776
236		4705		515191		1778
237		4748		517374		1807
238		4632		519544		1779
239		4704		521697		1791
240		4738		523861		1809
241		4845		526021		1825
242		4812		528179		1800
243		4620		530320		1786
244		4804		532477		1788
245		4668		534641		1768
246		4675		536781		1786
247		4727		538936		1792
248		4668		541091		1822
249		4859		543272		1819
250		4664		545442		1763
251		4797		547575		1810
252		4755		549755		1806
253		4804		551917		1812
254		4748		554090		1784
255		4609		556260		1818
256		4775		558413		1807
257		4786		560563		1817
258		4744		562727		1825
259		4817		564883		1795
260		4591		567021		1802
261		4708		569166		1793
262		4774		571346		1771
263		4557		573508		1784
264		4662		575631		1791
265		4601		577771		1809
266		4756		579929		1803
267		4693		582081		1789
268		4682		584238		1791
269		4815		586384		1811
270		4746		588532		1788
271		4601		590681		1795
272		4703		592814		1814
273		4755		594972		1828
274		4528		597124		1771
275		4700		599264		1791
276		4838		601446		1785
277		4724		603596		1771
278		4716		605726		1797
279		4659		607887		1806
280		4795		610077		1805
281		4662		612232		1797
282		4774		614384		1818
283		4612		616525		1804
284		4695		618683		1777
285		4650		620846		1780
286		4828		623033		1780
287		4718		625163		1809
288		4787		627318		1803
289		4588		629478		1775
290		4733		631646		1811
291		4590		633818		1820
292		4744		635983		1775
293		4707		638110		1844
294		4565		640254		1817
295		4796		642377		1823
296		4588		644501		1784
297		4806		646660		1796
298		4798		648812		1761
299		4681		650960		1798
300		4742		653131		1796
301		4801		655275		1774
302		4794		657409		1805
303		4665		659564		1836
304		4809		661705		1801
305		4691		663851		1764
306		4796		666014		1813
307		4570		668125		1810
308		4705		670265		1796
309		4550		672398		1779
310		4829		674544		1798
311		4663		676671		1806
312		4593		678802		1779
313		4749		680938		1802
314		4797		683074		1840
315		4780		685204		1807
316		4711		687321		1832
317		4707		689490		1797
318		4722		691627		1794
319		4749		693784		1799
320		4517		695946		1737
321		4592		698105		1802
322		4778		700256		1813
323		4687		702412		1823
324		4716		704577		1795
325		4563		706728		1790
326		4787		708867		1794
327		4859		711021		1789
328		4814		713179		1815
329		4535		715343		1834
330		4655		717480		1812
331		4583		719596		1789
332		4656		721726		1826
333		4547		723827		1792
334		4830		725967		1818
335		4776		728114		1749
336		4603		730244		1825
337		4725		732347		1806
338		4744		734505		1770
339		4734		736646		1796
340		4782		738798		1815
341		4703		740946		1767
342		4759		743079		1790
343		4762		745239		1812
344		4718		747379		1800
345		4543		749532		1798
346		4565		751688		1789
347		4735		753844		1813
348		4763		755970		1805
349		4681		758097		1764
350		4728		760248		1775
351		4730		762388		1806
352		4817		764527		1774
353		4641		766647		1774
354		4719		768790		1762
355		4621		770936		1762
356		4630		773048		1808
357		4741		775213		1769
358		4753		777357		1792
359		4683		779492		1820
360		4803		781661		1801
361		4708		783788		1758
362		4862		785932		1807
363		4485		788059		1793
364		4649		790194		1814
365		4729		792340		1777
366		4573		794469		1818
367		4716		796602		1772
368		4689		798717		1793
369		4636		800842		1772
370		4713		802993		1807
371		4743		805134		1780
372		4808		807250		1785
373		4892		809397		1832
374		4618		811528		1798
375		4674		813680		1813
376		4736		815870		1787
377		4801		818006		1788
378		4745		820171		1827
379		4820		822325		1777
380		4663		824472		1810
381		4727		826609		1787
382		4741		828746		1814
383		4697		830892		1816
384		4549		833043		1776
385		4782		835185		1798
386		4693		837302		1800
387		4617		839433		1794
388		4667		841593		1792
389		4771		843687		1792
390		4918		845808		1812
391		4814		847925		1823
392		4607		850057		1762
393		4747		852199		1770
394		4661		854327		1783
395		4573		856451		1830
396		4689		858606		1835
397		4716		860702		1803
398		4727		862863		1795
399		4705		865004		1780
400		4564		867160		1799
401		4772		869291		1828
402		4822		871457		1794
403		4802		873580		1791
404		4722		875699		1841
405		4756		877821		1852
406		4547		879939		1743
407		4723		882087		1777
408		4814		884216		1777
409		4842		886386		1770
410		4764		888532		1822
411		4804		890653		1775
412		4789		892793		1805
413		4728		894937		1794
414		4731		897044		1801
415		4713		899177		1798
416		4674		901278		1808
417		4668		903378		1822
418		4626		905483		1785
419		4754		907583		1817
420		4655		909694		1769
421		4705		911818		1786
422		4708		913954		1781
423		4625		916052		1796
424		4808		918151		1801
425		4541		920288		1807
426		4498		922398		1794
427		4672		924507		1773
428		4809		926646		1784
429		4577		928788		1809
430		4744		930934		1805
431		4744		933072		1772
432		4754		935202		1784
433		4629		937329		1828
434		4673		939472		1776
435		4691		941598		1822
436		4614		943731		1829
437		4594		945835		1782
438		4422		947933		1770
439		4637		950045		1770
440		4673		952162		1806
441		4729		954293		1758
442		4710		956401		1781
443		4576		958530		1819
444		4729		960631		1799
445		4658		962765		1759
446		4673		964874		1821
447		4655		967002		1802
448		4875		969111		1817
449		4717		971255		1814
450		4675		973376		1790
451		4730		975497		1774
452		4587		977585		1822
453		4626		979682		1818
454		4605		981801		1799
455		4595		983884		1824
456		4657		986009		1829
457		4730		988129		1758
458		4696		990239		1759
459		4765		992345		1768
460		4773		994452		1796
461		4697		996564		1789
462		4739		998701		1801
463		4667		1000810		1783
464		4697		1002922		1803
465		4630		1005018		1765
466		4529		1007140		1804
467		4803		1009280		1813
468		4515		1011409		1816
469		4703		1013505		1798
470		4615		1015604		1805
471		4538		1017731		1799
472		4726		1019854		1814
473		4644		1021960		1795
474		4386		1024041		1805
475		4676		1026139		1794
476		4714		1028240		1752
477		4699		1030332		1810
478		4880		1032441		1801
479		4862		1034571		1785
480		4776		1036662		1776
481		4692		1038784		1788
482		4756		1040892		1756
483		4635		1043019		1782
484		4682		1045144		1804
485		4595		1047247		1747
486		4733		1049378		1818
487		4698		1051498		1807
488		4695		1053600		1783
489		4619		1055736		1779
490		4660		1057857		1799
491		4670		1059982		1795
492		4650		1062066		1793
493		4657		1064167		1844
494		4814		1066271		1776
495		4711		1068368		1813
496		4684		1070448		1822
497		4625		1072532		1808
498		4626		1074635		1804
499		4824		1076794		1784
500		4774		1078907		1815
501		4544		1081010		1865
502		4751		1083130		1815
503		4442		1085246		1794
504		4643		1087352		1775
505		4657		1089432		1788
506		4771		1091525		1813
507		4650		1093655		1790
508		4625		1095717		1803
509		4702		1097855		1765
510		4580		1099922		1795
511		4536		1102047		1799
512		4672		1104169		1825
513		4599		1106295		1849
514		4675		1108375		1776
515		4685		1110476		1764
516		4753		1112607		1792
517		4708		1114720		1784
518		4693		1116847		1805
519		4776		1118950		1769
520		4845		1121054		1810
521		4768		1123166		1809
522		4580		1125268		1751
523		4744		1127384		1830
524		4652		1129466		1792
525		4749		1131598		1819
526		4422		1133677		1770
527		4593		1135777		1811
528		4746		1137869		1765
529		4728		1139995		1789
530		4447		1142092		1820
531		4662		1144184		1783
532		4686		1146317		1791
533		4707		1148449		1788
534		4686		1150581		1775
535		4647		1152701		1806
536		4613		1154816		1777
537		4710		1156908		1754
538		4795		1158989		1789
539		4742		1161092		1797
540		4723		1163211		1772
541		4735		1165319		1827
542		4558		1167402		1809
543		4615		1169507		1794
544		4649		1171600		1806
545		4627		1173702		1816
546		4521		1175799		1783
547		4670		1177908		1810
548		4712		1180024		1793
549		4688		1182109		1792
550		4800		1184221		1820
551		4558		1186309		1778
552		4825		1188399		1790
553		4646		1190509		1778
554		4556		1192612		1801
555		4665		1194722		1782
556		4574		1196821		1810
557		4721		1198910		1790
558		4562		1200998		1797
559		4654		1203063		1833
560		4612		1205169		1820
561		4862		1207257		1807
562		4567		1209385		1809
563		4738		1211453		1782
564		4627		1213576		1809
565		4723		1215665		1800
566		4543		1217754		1778
567		4749		1219856		1809
568		4698		1221943		1765
569		4722		1223998		1805
570		4560		1226113		1791
571		4875		1228218		1811
572		4622		1230298		1767
573		4595		1232373		1800
574		4701		1234452		1839
575		4709		1236561		1776
576		4741		1238654		1776
577		4571		1240746		1795
578		4770		1242822		1816
579		4718		1244918		1774
580		4555		1246962		1797
581		4628		1249023		1806
582		4480		1251088		1782
583		4614		1253190		1789
584		4701		1255262		1818
585		4519		1257348		1824
586		4600		1259450		1792
587		4621		1261537		1803
588		4657		1263605		1799
589		4545		1265693		1795
590		4449		1267753		1810
591		4768		1269824		1771
592		4706		1271917		1787
593		4661		1273999		1795
594		4678		1276052		1777
595		4733		1278177		1780
596		4656		1280281		1815
597		4544		1282341		1783
598		4559		1284443		1786
599		4701		1286502		1788
600		4408		1288564		1822
601		4688		1290648		1816
602		4640		1292742		1808
603		4587		1294803		1779
604		4569		1296863		1803
605		4869		1298951		1771
606		4613		1301019		1792
607		4610		1303093		1785
608		4697		1305214		1807
609		4796		1307300		1759
610		4603		1309384		1771
611		4705		1311458		1797
612		4589		1313563		1789
613		4805		1315600		1808
614		4604		1317644		1808
615		4691		1319707		1761
616		4594		1321788		1804
617		4608		1323868		1829
618		4619		1325980		1781
619		4725		1328071		1762
620		4656		1330152		1772
621		4696		1332242		1771
622		4610		1334324		1844
623		4706		1336398		1774
624		4689		1338466		1794
625		4605		1340557		1779
626		4750		1342654		1799
627		4609		1344706		1780
628		4701		1346786		1768
629		4674		1348849		1806
630		4414		1350909		1790
631		4360		1352975		1794
632		4662		1355057		1814
633		4554		1357127		1776
634		4401		1359195		1770
635		4682		1361266		1782
636		4360		1363309		1795
637		4643		1365382		1807
638		4661		1367463		1791
639		4612		1369555		1789
640		4653		1371617		1810
641		4725		1373704		1810
642		4719		1375777		1827
643		4571		1377858		1831
644		4802		1379916		1790
645		4616		1381972		1792
646		4725		1384055		1738
647		4661		1386111		1825
648		4698		1388181		1786
649		4636		1390223		1800
650		4723		1392273		1820
651		4556		1394332		1800
652		4445		1396407		1799
653		4544		1398462		1813
654		4765		1400533		1797
655		4613		1402591		1794
656		4473		1404678		1762
657		4638		1406746		1771
658		4668		1408805		1832
659		4569		1410873		1775
660		4822		1412914		1827
661		4684		1414992		1788
662		4676		1417046		1803
663		4667		1419122		1805
664		4471		1421135		1804
665		4725		1423205		1803
666		4576		1425244		1766
667		4666		1427306		1801
668		4604		1429403		1832
669		4553		1431472		1787
670		4708		1433578		1816
671		4517		1435612		1774
672		4810		1437695		1793
673		4418		1439721		1804
674		4661		1441740		1798
675		4636		1443786		1800
676		4734		1445825		1810
677		4608		1447902		1795
678		4354		1449942		1788
679		4685		1451982		1800
680		4685		1454026		1814
681		4661		1456049		1777
682		4703		1458113		1780
683		4670		1460169		1828
684		4700		1462252		1807
685		4743		1464319		1828
686		4651		1466397		1776
687		4655		1468480		1781
688		4626		1470531		1792
689		4616		1472561		1770
690		4552		1474624		1770
691		4591		1476686		1817
692		4700		1478726		1780
693		4446		1480758		1809
694		4475		1482839		1778
695		4646		1484919		1802
696		4705		1487004		1757
697		4531		1489035		1793
698		4558		1491096		1805
699		4616		1493138		1817
700		4585		1495190		1817
701		4698		1497255		1804
702		4649		1499278		1769
703		4649		1501344		1814
704		4643		1503387		1777
705		4521		1505418		1815
706		4758		1507467		1807
707		4710		1509503		1769
708		4760		1511547		1785
709		4587		1513643		1790
710		4619		1515661		1797
711		4792		1517711		1756
712		4547		1519768		1774
713		4650		1521803		1772
714		4543		1523832		1777
715		4577		1525885		1801
716		4610		1527939		1809
717		4586		1530000		1804
718		4742		1532057		1788
719		4558		1534076		1796
720		4684		1536142		1781
721		4617		1538195		1818
722		4690		1540265		1831
723		4530		1542288		1802
724		4712		1544335		1807
725		4701		1546381		1789
726		4548		1548410		1786
727		4666		1550447		1805
728		4509		1552504		1800
729		4682		1554518		1764
730		4552		1556546		1788
731		4699		1558580		1817
732		4878		1560638		1809
733		4518		1562687		1805
734		4578		1564717		1790
735		4447		1566751		1807
736		4630		1568818		1777
737		4736		1570893		1769
738		4760		1572935		1796
739		4628		1574976		1804
740		4506		1577015		1802
741		4809		1579072		1816
742		4692		1581124		1776
743		4660		1583146		1807
744		4528		1585194		1805
745		4613		1587227		1792
746		4607		1589266		1761
747		4459		1591296		1794
748		4589		1593298		1787
749		4687		1595349		1819
750		4686		1597351		1794
751		4644		1599403		1765
752		4633		1601434		1818
753		4654		1603462		1791
754		4799		1605536		1783
755		4494		1607556		1768
756		4667		1609580		1837
757		4608		1611622		1804
758		4773		1613670		1785
759		4576		1615671		1791
760		4470		1617648		1785
761		4578		1619691		1780
762		4595		1621746		1741
763		4746		1623805		1809
764		4476		1625828		1784
765		4761		1627880		1835
766		4515		1629905		1800
767		4542		1631976		1814
768		4654		1634034		1770
769		4748		1636088		1795
770		4697		1638097		1775
771		4561		1640116		1780
772		4618		1642184		1790
773		4624		1644242		1757
774		4776		1646271		1839
775		4662		1648319		1823
776		4623		1650370		1759
777		4594		1652426		1809
778		4657		1654438		1790
779		4764		1656474		1805
780		4676		1658480		1785
781		4707		1660518		1781
782		4594		1662556		1793
783		4673		1664581		1823
784		4545		1666593		1800
785		4503		1668626		1758
786		4828		1670683		1785
787		4527		1672733		1780
788		4716		1674810		1770
789		4653		1676822		1794
790		4601		1678860		1834
791		4704		1680903		1802
792		4610		1682973		1792
793		4637		1685025		1798
794		4700		1687066		1831
795		4628		1689069		1805
796		4558		1691118		1802
797		4553		1693126		1794
798		4572		1695154		1856
799		4699		1697182		1801
800		4646		1699191		1824
801		4599		1701264		1756
802		4550		1703315		1840
803		4687		1705363		1816
804		4622		1707356		1784
805		4599		1709398		1812
806		4384		1711387		1798
807		4613		1713435		1797
808		4635		1715459		1813
809		4678		1717477		1814
810		4720		1719526		1803
811		4656		1721568		1806
812		4402		1723576		1802
813		4655		1725574		1809
814		4509		1727604		1801
815		4523		1729564		1802
816		4647		1731564		1756
817		4591		1733605		1779
818		4717		1735619		1824
819		4625		1737654		1796
820		4570		1739642		1812
821		4449		1741655		1789
822		4344		1743645		1790
823		4489		1745632		1789
824		4539		1747635		1793
825		4506		1749605		1830
826		4575		1751612		1819
827		4640		1753623		1787
828		4502		1755603		1780
829		4447		1757639		1789
830		4665		1759636		1795
831		4482		1761641		1798
832		4669		1763671		1829
833		4642		1765695		1798
834		4558		1767689		1794
835		4750		1769693		1807
836		4558		1771769		1789
837		4546		1773767		1788
838		4649		1775776		1823
839		4667		1777774		1808
840		4656		1779797		1782
841		4579		1781818		1792
842		4652		1783830		1808
843		4738		1785821		1792
844		4591		1787835		1822
845		4495		1789864		1817
846		4655		1791872		1769
847		4579		1793866		1754
848		4650		1795859		1786
849		4651		1797830		1791
850		4585		1799842		1787
851		4601		1801842		1780
852		4477		1803877		1796
853		4595		1805907		1804
854		4628		1807879		1797
855		4659		1809876		1762
856		4657		1811908		1783
857		4704		1813902		1792
858		4672		1815941		1810
859		4573		1817935		1818
860		4660		1819934		1804
861		4745		1821928		1822
862		4489		1823925		1820
863		4458		1825923		1768
864		4625		1827938		1830
865		4711		1829932		1827
866		4431		1831951		1797
867		4592		1833967		1797
868		4709		1835981		1761
869		4724		1837986		1803
870		4516		1839969		1735
871		4685		1841980		1795
872		4576		1844000		1806
873		4635		1845976		1800
874		4474		1847981		1804
875		4708		1850009		1805
876		4513		1851996		1816
877		4649		1853988		1797
878		4591		1855970		1826
879		4502		1857949		1813
880		4405		1859947		1795
881		4636		1861952		1798
882		4561		1863949		1816
883		4604		1865960		1750
884		4121		1867933		1775
885		4534		1869950		1812
886		4695		1871905		1790
887		4616		1873905		1744
888		4425		1875877		1796
889		4562		1877880		1796
890		4591		1879858		1796
891		4498		1881826		1783
892		4532		1883830		1760
893		4626		1885810		1814
894		4680		1887816		1790
895		4659		1889821		1796
896		4536		1891808		1774
897		4326		1893771		1776
898		4584		1895753		1772
899		4646		1897766		1788
900		4460		1899745		1829
901		4517		1901719		1805
902		4471		1903719		1798
903		4525		1905701		1794
904		4720		1907684		1824
905		4646		1909657		1797
906		4583		1911657		1817
907		4504		1913663		1785
908		4620		1915640		1809
909		4497		1917598		1805
910		4743		1919601		1792
911		4527		1921563		1807
912		4465		1923552		1812
913		4621		1925545		1801
914		4613		1927543		1801
915		4560		1929487		1811
916		4646		1931431		1818
917		4631		1933458		1779
918		4675		1935439		1809
919		4698		1937422		1791
920		4646		1939405		1794
921		4612		1941362		1808
922		4328		1943346		1814
923		4588		1945345		1802
924		4723		1947339		1760
925		4571		1949264		1796
926		4532		1951244		1764
927		4701		1953261		1798
928		4559		1955265		1792
929		4627		1957242		1785
930		4500		1959194		1788
931		4784		1961178		1795
932		4525		1963149		1793
933		4644		1965165		1791
934		4370		1967127		1792
935		4715		1969155		1782
936		4401		1971126		1787
937		4570		1973071		1776
938		4581		1975067		1816
939		4709		1977035		1781
940		4592		1979019		1796
941		4638		1980974		1808
942		4520		1982927		1788
943		4648		1984904		1794
944		4567		1986837		1802
945		4532		1988788		1799
946		4503		1990747		1829
947		4495		1992696		1808
948		4282		1994665		1809
949		4413		1996618		1816
950		4503		1998564		1784
951		4496		2000569		1791
952		4499		2002491		1803
953		4392		2004409		1816
954		4477		2006376		1744
955		4628		2008333		1791
956		4530		2010277		1842
957		4613		2012239		1786
958		4417		2014187		1762
959		4374		2016177		1767
960		4524		2018137		1769
961		4525		2020102		1822
962		4420		2022033		1784
963		4589		2024000		1788
964		4583		2025932		1764
965		4638		2027877		1789
966		4556		2029871		1798
967		4610		2031770		1793
968		4648		2033728		1809
969		4426		2035693		1804
970		4686		2037649		1779
971		4450		2039633		1801
972		4561		2041558		1802
973		4260		2043501		1815
974		4604		2045439		1813
975		4588		2047438		1809
976		4669		2049417		1799
977		4687		2051381		1779
978		4599		2053343		1744
979		4386		2055285		1792
980		4630		2057194		1800
981		4526		2059129		1788
982		4473		2061064		1812
983		4618		2063034		1775
984		4493		2065029		1801
985		4542		2066981		1816
986		4357		2068861		1812
987		4621		2070833		1813
988		4582		2072785		1782
989		4448		2074720		1762
990		4511		2076675		1795
991		4490		2078605		1765
992		4521		2080569		1806
993		4642		2082532		1803
994		4580		2084480		1818
995		4390		2086437		1789
996		4505		2088354		1769
997		4612		2090293		1809
998		4453		2092206		1779
999		4468		2094145		1807
1000		2661		2094769		1786
1001		2242		2094961		1792
1002		2138		2095047		1793
1003		2079		2095096		1801
1004		2040		2095128		1800
1005		2025		2095143		1801
1006		2010		2095157		1801
1007		1992		2095172		1791
1008		1976		2095186		1786
1009		1972		2095190		1787
1010		1966		2095196		1786
1011		1964		2095198		1787
1012		1956		2095205		1785
1013		1945		2095213		1785
1014		1940		2095218		1787
1015		1937		2095221		1789
1016		1933		2095225		1790
1017		1928		2095229		1787
1018		1922		2095235		1788
1019		1921		2095236		1787
1020		1921		2095236		1787
1021		1913		2095243		1792
1022		1913		2095243		1792
1023		1911		2095245		1792
1024		1909		2095249		1791
1025		1907		2095251		1792
1026		1906		2095252		1792
1027		1904		2095254		1792
1028		1901		2095257		1790
1029		1900		2095258		1789
