# Migration is number of nodes that have changed color.

Round		Edge-Cut		Swaps		Migrations		Skipped
0		5087		2394		1694
1		5016		4788		1818
2		5039		7181		1807
3		4934		9574		1820
4		5025		11967		1803
5		5123		14360		1803
6		5056		16754		1766
7		5053		19148		1727
8		5083		21542		1784
9		4988		23936		1807
10		5023		26330		1788
11		5001		28724		1789
12		5080		31117		1810
13		5085		33512		1802
14		5033		35906		1829
15		5100		38297		1776
16		5018		40692		1788
17		5096		43087		1766
18		5086		45480		1813
19		5032		47873		1799
20		5001		50266		1791
21		5118		52661		1772
22		5056		55055		1797
23		5068		57449		1811
24		5161		59843		1812
25		5066		62237		1823
26		5026		64632		1789
27		5148		67026		1777
28		5001		69421		1799
29		5099		71815		1800
30		5145		74210		1821
31		5097		76605		1812
32		5029		78998		1777
33		4996		81393		1781
34		5093		83787		1744
35		5059		86182		1786
36		5101		88576		1772
37		5112		90970		1816
38		5039		93362		1775
39		4966		95756		1816
40		5053		98151		1792
41		4978		100544		1767
42		5098		102936		1780
43		5082		105331		1777
44		4884		107724		1749
45		4985		110117		1811
46		5013		112511		1813
47		5043		114904		1778
48		5084		117298		1784
49		5166		119692		1782
50		5029		122085		1801
51		4986		124480		1785
52		5042		126873		1791
53		5073		129267		1812
54		5006		131661		1869
55		5050		134055		1814
56		5087		136449		1800
57		5138		138843		1795
58		5117		141237		1775
59		5015		143631		1785
60		5044		146025		1768
61		5048		148419		1809
62		5089		150814		1818
63		5072		153208		1781
64		5095		155601		1791
65		4973		157994		1819
66		5032		160388		1810
67		5111		162781		1797
68		5079		165175		1804
69		5121		167568		1772
70		5074		169961		1792
71		5079		172356		1812
72		5061		174750		1781
73		5155		177143		1779
74		5037		179537		1809
75		5124		181932		1788
76		5072		184326		1744
77		5120		186721		1762
78		5038		189114		1803
79		5077		191507		1803
80		5057		193900		1814
81		5065		196295		1805
82		5016		198690		1815
83		4925		201084		1823
84		5038		203479		1831
85		5061		205873		1846
86		5024		208267		1812
87		5118		210661		1797
88		4988		213052		1781
89		5039		215447		1823
90		5112		217837		1795
91		5121		220230		1778
92		4990		222622		1839
93		5072		225016		1819
94		5082		227407		1820
95		5051		229802		1761
96		5073		232195		1791
97		5086		234586		1773
98		5042		236978		1785
99		5057		239370		1805
100		5042		241763		1813
101		5092		244153		1789
102		5124		246548		1757
103		5020		248942		1800
104		5016		251336		1796
105		5028		253730		1794
106		5076		256124		1824
107		4978		258517		1828
108		5112		260908		1831
109		5072		263303		1827
110		5071		265695		1761
111		5085		268090		1798
112		5057		270485		1781
113		5005		272877		1791
114		5064		275271		1780
115		4999		277666		1777
116		5114		280059		1780
117		5010		282454		1790
118		5023		284848		1803
119		5086		287243		1800
120		5089		289636		1772
121		5045		292031		1791
122		4959		294425		1810
123		5035		296818		1782
124		4981		299211		1810
125		4967		301606		1793
126		5051		303999		1744
127		5048		306392		1783
128		5073		308783		1806
129		5055		311178		1798
130		5044		313572		1797
131		5018		315965		1797
132		5063		318359		1852
133		5060		320753		1826
134		5151		323147		1793
135		5080		325540		1762
136		5066		327932		1825
137		5084		330325		1798
138		5110		332717		1772
139		5074		335111		1803
140		5038		337504		1780
141		5057		339896		1765
142		5137		342289		1807
143		5110		344684		1799
144		5041		347077		1795
145		5114		349469		1833
146		5068		351861		1795
147		5018		354254		1827
148		5134		356648		1785
149		5121		359040		1770
150		5012		361435		1772
151		5084		363827		1781
152		5067		366221		1792
153		5053		368615		1814
154		5075		371009		1790
155		5042		373404		1809
156		5035		375798		1779
157		5079		378193		1796
158		5086		380588		1797
159		5054		382981		1821
160		5118		385375		1794
161		5013		387769		1794
162		4981		390161		1762
163		5012		392556		1767
164		4989		394950		1739
165		5117		397343		1788
166		5103		399735		1808
167		5037		402130		1829
168		5090		404525		1803
169		5000		406917		1778
170		5036		409311		1758
171		4998		411704		1785
172		4945		414098		1768
173		5025		416493		1807
174		5045		418884		1778
175		5106		421279		1780
176		5055		423674		1791
177		4988		426066		1820
178		5038		428459		1809
179		4996		430853		1779
180		5024		433245		1828
181		4999		435639		1816
182		5018		438034		1785
183		5103		440426		1754
184		4960		442817		1805
185		5061		445210		1779
186		5087		447603		1792
187		4937		449996		1811
188		5098		452391		1780
189		5069		454784		1814
190		5029		457179		1819
191		5069		459573		1812
192		5110		461968		1810
193		5051		464359		1811
194		5109		466753		1797
195		5103		469147		1801
196		5092		471540		1790
197		5154		473934		1773
198		5092		476329		1772
199		5065		478723		1765
200		5175		481118		1811
201		5014		483511		1804
202		4982		485905		1790
203		5047		488299		1751
204		5093		490693		1811
205		5079		493086		1790
206		5059		495479		1782
207		5044		497874		1802
208		5067		500266		1776
209		5177		502661		1811
210		5058		505055		1810
211		5047		507449		1803
212		5034		509844		1789
213		5110		512239		1737
214		5024		514631		1777
215		5013		517024		1811
216		4966		519419		1803
217		5011		521811		1791
218		5155		524206		1777
219		4984		526600		1805
220		5052		528995		1797
221		5030		531389		1795
222		5007		533779		1761
223		5005		536172		1793
224		5025		538566		1774
225		4957		540959		1783
226		5047		543353		1793
227		5041		545748		1800
228		5026		548142		1786
229		5051		550537		1788
230		4988		552930		1814
231		5075		555323		1797
232		5108		557717		1811
233		5053		560110		1806
234		5109		562505		1782
235		5027		564899		1779
236		5089		567294		1835
237		5112		569689		1815
238		5111		572084		1747
239		5038		574477		1783
240		5098		576871		1776
241		5004		579266		1797
242		5063		581661		1752
243		5032		584055		1761
244		5058		586449		1801
245		5032		588842		1805
246		5046		591237		1810
247		5036		593632		1796
248		5064		596024		1838
249		4958		598415		1790
250		5096		600810		1810
251		5025		603204		1819
252		5141		605599		1785
253		5060		607994		1812
254		5050		610389		1806
255		5018		612784		1791
256		5113		615179		1785
257		4997		617573		1827
258		4989		619966		1779
259		4988		622360		1781
260		5116		624754		1777
261		5027		627148		1780
262		5093		629542		1753
263		5075		631937		1811
264		5079		634329		1787
265		5051		636722		1812
266		4996		639113		1816
267		5040		641506		1743
268		5115		643900		1800
269		5026		646295		1769
270		5007		648689		1794
271		5063		651083		1765
272		4984		653476		1829
273		5047		655869		1796
274		5026		658264		1799
275		5120		660658		1793
276		5070		663053		1826
277		5034		665447		1751
278		4979		667841		1828
279		5027		670235		1771
280		5131		672630		1785
281		5052		675025		1788
282		5000		677419		1808
283		5106		679809		1797
284		5159		682204		1776
285		5006		684599		1799
286		5095		686992		1787
287		5019		689387		1800
288		5100		691782		1787
289		5051		694174		1784
290		4972		696569		1825
291		5043		698963		1794
292		4943		701355		1792
293		5018		703750		1815
294		5031		706145		1788
295		5004		708538		1791
296		5074		710932		1840
297		5014		713326		1817
298		5033		715718		1838
299		5010		718111		1783
300		5001		720505		1800
301		5025		722900		1787
302		5034		725294		1786
303		5092		727688		1756
304		5091		730082		1831
305		5139		732473		1798
306		4958		734867		1806
307		5097		737262		1792
308		4982		739657		1816
309		5097		742051		1817
310		4993		744444		1768
311		5081		746837		1797
312		5030		749230		1783
313		5052		751624		1783
314		5028		754018		1812
315		5068		756412		1816
316		5045		758807		1802
317		5049		761201		1799
318		5034		763594		1771
319		5046		765988		1821
320		5036		768382		1795
321		5033		770775		1849
322		4994		773167		1797
323		5050		775560		1839
324		4959		777953		1792
325		5026		780346		1828
326		5054		782738		1787
327		5032		785132		1804
328		5081		787527		1843
329		5073		789921		1780
330		5041		792314		1791
331		5063		794707		1781
332		5058		797101		1804
333		5028		799494		1821
334		5070		801886		1801
335		5055		804280		1788
336		5028		806675		1788
337		4952		809068		1816
338		5028		811459		1829
339		4987		813853		1831
340		5171		816245		1809
341		5012		818639		1815
342		4953		821033		1821
343		5058		823423		1783
344		5033		825817		1801
345		5022		828211		1780
346		5075		830606		1785
347		5042		832999		1791
348		4983		835393		1818
349		5046		837788		1787
350		5093		840182		1767
351		4998		842574		1778
352		5062		844967		1800
353		5131		847361		1759
354		5060		849754		1804
355		5057		852149		1827
356		5007		854543		1806
357		5077		856938		1771
358		5020		859332		1831
359		5049		861727		1769
360		4995		864122		1769
361		5139		866514		1824
362		5017		868908		1788
363		5138		871302		1791
364		5007		873696		1821
365		5063		876091		1805
366		5002		878485		1806
367		5081		880879		1780
368		4981		883274		1776
369		4920		885667		1785
370		5076		888059		1814
371		5102		890453		1822
372		5139		892847		1818
373		5015		895238		1798
374		5084		897631		1777
375		5056		900025		1780
376		4930		902420		1786
377		5076		904814		1796
378		5072		907209		1817
379		5104		909602		1803
380		5084		911995		1780
381		5045		914390		1786
382		5088		916784		1792
383		5040		919176		1799
384		5083		921566		1798
385		5092		923961		1793
386		5089		926354		1810
387		4975		928747		1787
388		5004		931141		1787
389		5132		933533		1796
390		5104		935927		1840
391		5048		938322		1795
392		5033		940716		1772
393		5009		943109		1780
394		4950		945503		1792
395		5016		947898		1804
396		5113		950293		1800
397		5122		952688		1814
398		4994		955081		1800
399		5092		957476		1803
400		5001		959869		1796
401		5003		962264		1790
402		5048		964657		1816
403		5107		967050		1788
404		5025		969443		1828
405		5091		971836		1787
406		5016		974231		1805
407		5126		976624		1796
408		5107		979018		1809
409		5048		981410		1813
410		5015		983804		1801
411		5051		986197		1812
412		5045		988591		1802
413		5098		990986		1806
414		5055		993380		1767
415		5024		995773		1815
416		5031		998167		1788
417		5036		1000561		1821
418		5123		1002955		1804
419		5035		1005347		1817
420		5120		1007739		1779
421		5117		1010132		1797
422		5037		1012525		1764
423		4963		1014920		1777
424		5033		1017315		1799
425		5119		1019709		1810
426		5067		1022102		1792
427		5044		1024496		1797
428		5013		1026890		1810
429		5026		1029284		1807
430		4982		1031676		1815
431		5017		1034068		1820
432		5107		1036463		1809
433		5106		1038856		1772
434		5056		1041249		1779
435		4972		1043643		1771
436		5044		1046036		1781
437		5030		1048431		1788
438		5011		1050825		1820
439		5036		1053220		1771
440		5074		1055613		1804
441		5110		1058008		1811
442		5018		1060402		1814
443		5119		1062794		1833
444		5028		1065188		1819
445		5038		1067582		1759
446		5021		1069977		1832
447		5089		1072371		1810
448		5045		1074766		1794
449		5016		1077159		1797
450		5043		1079553		1807
451		5024		1081947		1808
452		4968		1084342		1796
453		5146		1086735		1820
454		5062		1089130		1811
455		5051		1091524		1818
456		5047		1093918		1808
457		4997		1096311		1765
458		5025		1098706		1819
459		5081		1101101		1810
460		4969		1103494		1805
461		5031		1105886		1790
462		5039		1108280		1783
463		4914		1110673		1757
464		5077		1113067		1752
465		5081		1115462		1772
466		5018		1117857		1821
467		5106		1120249		1787
468		5068		1122641		1832
469		5058		1125035		1790
470		5104		1127428		1812
471		5053		1129822		1804
472		5129		1132215		1794
473		4947		1134608		1766
474		5002		1137001		1770
475		5148		1139396		1789
476		5087		1141790		1817
477		5076		1144184		1826
478		4994		1146579		1779
479		5112		1148974		1811
480		5048		1151368		1799
481		5022		1153759		1805
482		5064		1156152		1790
483		5026		1158542		1847
484		5083		1160935		1812
485		5152		1163330		1860
486		4975		1165724		1816
487		5047		1168117		1806
488		4935		1170510		1786
489		5064		1172904		1792
490		5036		1175296		1847
491		5107		1177690		1801
492		5016		1180083		1777
493		5054		1182476		1813
494		5113		1184871		1851
495		5044		1187265		1815
496		5157		1189658		1781
497		5111		1192053		1811
498		5012		1194448		1829
499		5012		1196842		1811
500		5022		1199236		1806
501		4997		1201631		1812
502		5054		1204026		1791
503		4972		1206418		1815
504		5083		1208813		1804
505		5034		1211208		1822
506		5074		1213602		1830
507		5060		1215997		1779
508		5066		1218392		1780
509		5176		1220784		1804
510		4933		1223178		1782
511		5057		1225573		1836
512		5085		1227967		1797
513		5064		1230361		1805
514		5111		1232754		1822
515		5070		1235148		1785
516		5016		1237540		1779
517		5105		1239934		1769
518		5050		1242328		1818
519		5070		1244723		1795
520		5067		1247113		1829
521		5004		1249507		1792
522		5031		1251902		1813
523		5088		1254296		1789
524		5117		1256691		1786
525		4953		1259085		1782
526		4999		1261479		1803
527		5024		1263874		1812
528		5054		1266268		1821
529		5024		1268661		1857
530		5095		1271052		1779
531		4964		1273446		1776
532		5017		1275840		1791
533		5041		1278234		1808
534		5127		1280629		1837
535		5081		1283024		1779
536		5057		1285416		1802
537		5088		1287811		1813
538		5121		1290205		1793
539		5052		1292599		1822
540		5041		1294993		1799
541		5050		1297387		1814
542		5051		1299778		1786
543		5049		1302171		1820
544		5001		1304566		1778
545		5022		1306960		1843
546		5052		1309351		1757
547		5017		1311745		1786
548		5030		1314139		1823
549		4975		1316533		1792
550		5068		1318927		1782
551		5127		1321320		1807
552		4984		1323713		1779
553		5061		1326107		1781
554		5066		1328501		1831
555		5093		1330895		1768
556		5084		1333289		1779
557		5122		1335682		1807
558		4953		1338076		1806
559		5035		1340470		1803
560		5012		1342865		1798
561		5053		1345257		1797
562		5010		1347651		1778
563		4984		1350046		1777
564		5022		1352440		1793
565		4980		1354833		1786
566		5082		1357226		1806
567		5086		1359616		1806
568		5036		1362010		1805
569		4995		1364405		1802
570		5067		1366799		1821
571		5076		1369192		1794
572		5066		1371584		1791
573		5070		1373978		1801
574		4996		1376370		1815
575		5078		1378763		1785
576		5058		1381156		1804
577		5065		1383550		1746
578		5022		1385944		1821
579		5004		1388338		1776
580		5017		1390730		1783
581		5174		1393122		1813
582		5070		1395515		1804
583		5035		1397909		1755
584		4996		1400302		1784
585		5048		1402695		1783
586		5126		1405090		1818
587		5063		1407484		1792
588		5138		1409878		1792
589		5033		1412272		1789
590		5040		1414666		1814
591		5042		1417060		1825
592		4995		1419454		1775
593		5050		1421847		1808
594		4953		1424241		1756
595		5086		1426635		1823
596		4973		1429029		1804
597		5009		1431424		1795
598		4986		1433819		1804
599		5058		1436213		1823
600		5015		1438608		1814
601		5015		1441000		1782
602		4968		1443394		1780
603		5117		1445789		1797
604		5018		1448183		1805
605		5109		1450578		1813
606		5033		1452972		1768
607		5031		1455365		1782
608		5088		1457760		1772
609		5027		1460153		1824
610		5180		1462546		1827
611		5083		1464941		1811
612		5099		1467335		1800
613		5113		1469729		1781
614		4979		1472124		1777
615		5042		1474516		1794
616		5066		1476909		1808
617		4919		1479303		1804
618		5026		1481696		1724
619		5105		1484089		1819
620		5021		1486484		1792
621		4995		1488879		1825
622		5025		1491273		1789
623		5086		1493667		1778
624		5072		1496062		1806
625		5102		1498455		1802
626		5070		1500850		1784
627		5020		1503242		1805
628		5091		1505637		1781
629		5044		1508031		1807
630		5048		1510424		1781
631		5047		1512818		1797
632		4978		1515212		1795
633		5053		1517604		1805
634		5098		1519998		1785
635		5003		1522392		1795
636		5106		1524787		1772
637		5067		1527181		1760
638		5092		1529573		1768
639		5125		1531968		1795
640		5060		1534363		1804
641		5010		1536757		1825
642		5029		1539150		1816
643		5073		1541544		1786
644		5022		1543938		1809
645		5041		1546331		1775
646		5060		1548724		1771
647		5056		1551118		1796
648		5050		1553509		1790
649		5138		1555904		1799
650		5064		1558298		1803
651		5038		1560693		1771
652		5091		1563086		1818
653		5012		1565479		1811
654		5027		1567873		1802
655		5145		1570267		1782
656		4963		1572661		1801
657		5015		1575055		1853
658		5078		1577448		1807
659		5062		1579843		1826
660		4982		1582237		1784
661		5199		1584629		1777
662		5114		1587022		1808
663		5027		1589416		1810
664		5106		1591810		1780
665		5075		1594204		1780
666		5005		1596598		1792
667		5052		1598990		1815
668		5105		1601385		1831
669		5070		1603780		1801
670		5052		1606175		1786
671		5112		1608569		1706
672		5065		1610964		1793
673		4955		1613359		1803
674		5088		1615751		1821
675		5052		1618145		1812
676		5072		1620540		1774
677		5017		1622935		1813
678		5009		1625330		1776
679		5051		1627724		1766
680		5125		1630118		1804
681		5023		1632513		1791
682		5067		1634906		1807
683		5090		1637300		1769
684		5030		1639693		1783
685		5009		1642086		1799
686		5050		1644480		1827
687		5029		1646874		1802
688		5073		1649268		1765
689		5094		1651660		1791
690		5074		1654055		1793
691		4974		1656449		1766
692		5061		1658841		1772
693		5093		1661236		1767
694		4913		1663631		1761
695		5109		1666026		1807
696		5113		1668420		1785
697		5065		1670814		1772
698		4993		1673206		1761
699		4933		1675601		1798
700		5044		1677993		1798
701		5105		1680387		1794
702		5072		1682782		1759
703		5009		1685175		1771
704		5052		1687568		1728
705		5061		1689963		1771
706		5013		1692357		1803
707		5081		1694752		1787
708		4977		1697145		1802
709		5048		1699539		1793
710		5042		1701933		1766
711		5073		1704328		1811
712		4978		1706721		1803
713		4999		1709115		1794
714		5089		1711510		1767
715		5111		1713904		1809
716		5028		1716298		1797
717		5026		1718692		1823
718		5084		1721085		1815
719		5000		1723478		1782
720		5087		1725873		1784
721		5033		1728268		1761
722		5096		1730661		1793
723		5140		1733055		1796
724		5070		1735449		1769
725		5038		1737843		1783
726		5050		1740236		1782
727		4967		1742631		1758
728		5032		1745025		1802
729		5086		1747420		1838
730		5067		1749814		1797
731		4983		1752207		1797
732		5058		1754601		1823
733		4984		1756995		1794
734		5076		1759389		1847
735		5113		1761783		1799
736		5074		1764178		1820
737		5048		1766571		1791
738		5019		1768963		1803
739		5053		1771357		1822
740		5019		1773752		1804
741		5069		1776144		1813
742		5085		1778533		1772
743		4993		1780928		1812
744		5008		1783321		1806
745		5083		1785716		1818
746		5037		1788109		1781
747		5011		1790503		1799
748		5047		1792897		1782
749		4991		1795290		1847
750		4973		1797683		1786
751		5056		1800076		1794
752		5031		1802470		1793
753		5060		1804863		1821
754		5009		1807257		1755
755		5049		1809652		1817
756		5027		1812046		1802
757		5040		1814439		1816
758		5050		1816834		1809
759		5069		1819227		1809
760		5018		1821621		1787
761		5036		1824016		1817
762		5086		1826409		1789
763		5065		1828804		1810
764		5027		1831197		1800
765		5011		1833592		1782
766		5046		1835987		1796
767		5160		1838382		1773
768		5042		1840776		1789
769		5040		1843168		1813
770		5091		1845561		1802
771		5137		1847956		1813
772		5107		1850350		1782
773		5038		1852744		1780
774		4976		1855137		1772
775		4936		1857532		1807
776		5102		1859926		1830
777		5009		1862319		1804
778		5076		1864712		1805
779		5096		1867107		1828
780		5105		1869502		1793
781		5088		1871897		1799
782		4949		1874289		1803
783		5006		1876684		1814
784		5062		1879078		1792
785		4947		1881473		1815
786		5019		1883866		1848
787		5010		1886260		1803
788		5084		1888655		1800
789		5054		1891050		1779
790		5109		1893442		1797
791		4979		1895834		1787
792		5031		1898229		1815
793		4975		1900624		1802
794		5085		1903019		1840
795		4963		1905412		1800
796		5048		1907807		1757
797		5020		1910201		1795
798		5032		1912594		1799
799		5035		1914989		1786
800		5020		1917383		1756
801		5016		1919776		1808
802		5073		1922170		1810
803		5107		1924562		1827
804		4925		1926954		1783
805		5124		1929346		1809
806		5069		1931741		1811
807		5113		1934135		1757
808		5048		1936530		1804
809		5114		1938924		1794
810		5102		1941319		1797
811		5129		1943714		1780
812		5056		1946108		1788
813		5077		1948501		1799
814		5062		1950895		1806
815		5053		1953289		1802
816		5066		1955683		1770
817		5043		1958077		1817
818		5091		1960472		1830
819		5127		1962866		1812
820		4963		1965260		1818
821		5053		1967653		1787
822		5007		1970048		1841
823		5043		1972442		1816
824		5072		1974836		1807
825		5110		1977230		1808
826		5044		1979624		1786
827		5046		1982017		1835
828		5094		1984411		1806
829		4989		1986806		1824
830		5085		1989200		1765
831		5058		1991592		1822
832		5044		1993986		1806
833		5069		1996379		1810
834		5042		1998771		1792
835		4956		2001165		1801
836		5048		2003560		1805
837		5001		2005954		1816
838		5060		2008349		1816
839		5008		2010744		1791
840		5080		2013136		1807
841		5075		2015530		1816
842		5098		2017925		1853
843		4966		2020320		1812
844		5151		2022714		1811
845		5062		2025108		1770
846		5078		2027503		1794
847		5040		2029897		1822
848		5144		2032292		1775
849		5075		2034685		1788
850		5054		2037076		1784
851		5086		2039471		1804
852		5027		2041865		1797
853		5044		2044258		1802
854		5127		2046650		1804
855		5069		2049041		1819
856		5078		2051436		1810
857		5049		2053830		1827
858		5021		2056225		1804
859		5064		2058619		1809
860		5082		2061014		1798
861		5113		2063409		1798
862		5056		2065803		1805
863		5051		2068196		1799
864		5066		2070589		1755
865		5000		2072982		1823
866		5103		2075374		1827
867		5005		2077767		1803
868		4958		2080161		1808
869		5086		2082554		1816
870		5028		2084947		1803
871		5110		2087341		1777
872		5057		2089734		1812
873		5010		2092128		1783
874		5114		2094520		1812
875		5084		2096912		1783
876		5021		2099307		1746
877		5081		2101702		1802
878		5000		2104094		1814
879		5027		2106487		1770
880		5014		2108878		1737
881		5072		2111272		1797
882		4998		2113666		1789
883		5076		2116059		1761
884		5036		2118453		1796
885		5022		2120847		1813
886		5128		2123240		1856
887		5092		2125633		1792
888		4959		2128025		1802
889		5081		2130418		1779
890		4961		2132810		1789
891		5112		2135204		1790
892		5065		2137597		1789
893		5046		2139991		1806
894		5033		2142386		1789
895		5005		2144780		1793
896		5081		2147174		1789
897		5010		2149566		1775
898		5001		2151957		1817
899		4968		2154351		1796
900		5096		2156746		1785
901		4990		2159140		1779
902		5120		2161534		1737
903		5060		2163927		1785
904		4960		2166319		1782
905		4909		2168714		1779
906		5025		2171108		1781
907		4996		2173501		1792
908		4965		2175895		1781
909		5011		2178290		1789
910		5083		2180683		1770
911		5067		2183077		1771
912		5056		2185470		1796
913		5033		2187864		1794
914		5103		2190258		1786
915		5110		2192650		1814
916		5075		2195045		1792
917		5042		2197439		1801
918		4996		2199834		1798
919		5101		2202229		1774
920		5068		2204623		1767
921		5104		2207016		1787
922		5087		2209411		1794
923		5124		2211804		1786
924		5019		2214196		1789
925		4982		2216590		1828
926		5069		2218984		1817
927		5005		2221377		1790
928		4942		2223772		1812
929		5027		2226165		1801
930		5006		2228559		1782
931		5069		2230953		1832
932		5090		2233348		1783
933		5019		2235740		1783
934		5031		2238134		1786
935		5169		2240527		1782
936		5053		2242922		1789
937		5018		2245315		1765
938		5056		2247707		1809
939		4963		2250098		1780
940		4970		2252492		1784
941		5028		2254884		1785
942		5118		2257278		1793
943		4981		2259672		1794
944		5029		2262067		1811
945		5064		2264460		1798
946		5048		2266854		1803
947		4988		2269248		1793
948		5026		2271641		1770
949		5137		2274034		1817
950		5092		2276428		1789
951		5057		2278823		1841
952		5088		2281217		1775
953		4998		2283611		1770
954		5079		2286003		1767
955		5002		2288398		1825
956		5027		2290793		1782
957		5082		2293187		1819
958		4966		2295582		1820
959		4988		2297974		1766
960		5048		2300368		1812
961		4994		2302762		1792
962		5036		2305156		1771
963		5064		2307549		1797
964		5082		2309943		1814
965		4882		2312335		1812
966		5060		2314727		1787
967		5031		2317121		1783
968		5077		2319516		1772
969		5132		2321911		1758
970		4994		2324304		1809
971		5092		2326699		1813
972		4947		2329092		1782
973		4982		2331484		1783
974		5016		2333879		1840
975		5108		2336274		1763
976		5086		2338669		1815
977		5053		2341063		1816
978		5031		2343456		1791
979		5074		2345850		1805
980		5048		2348245		1789
981		4972		2350638		1822
982		5069		2353033		1806
983		4941		2355427		1781
984		5122		2357821		1777
985		5152		2360211		1779
986		5054		2362605		1806
987		4972		2364999		1785
988		5055		2367393		1797
989		4980		2369788		1808
990		5073		2372183		1785
991		5002		2374578		1799
992		5111		2376972		1827
993		5014		2379365		1828
994		4940		2381757		1790
995		5089		2384152		1791
996		5074		2386546		1792
997		5080		2388941		1791
998		5142		2391336		1829
999		4990		2393729		1834
1000		2699		2394529		1786
1001		2250		2394798		1779
1002		2057		2394899		1782
1003		1984		2394964		1788
1004		1926		2395016		1795
1005		1896		2395042		1798
1006		1876		2395057		1797
1007		1858		2395073		1797
1008		1851		2395080		1800
1009		1842		2395088		1797
1010		1828		2395100		1802
1011		1816		2395111		1801
1012		1812		2395116		1804
1013		1803		2395124		1808
1014		1799		2395128		1808
1015		1793		2395134		1805
1016		1793		2395134		1805
1017		1786		2395139		1806
1018		1785		2395141		1807
1019		1782		2395146		1808
1020		1782		2395146		1808
1021		1780		2395150		1806
1022		1776		2395154		1806
1023		1773		2395157		1805
1024		1771		2395159		1803
1025		1767		2395162		1803
1026		1766		2395163		1802
1027		1763		2395166		1802
1028		1760		2395169		1800
1029		1759		2395170		1800
