# Migration is number of nodes that have changed color.

Round		Edge-Cut		Swaps		Migrations		Skipped
0		4686		2196		1884
1		4680		4395		1790
2		4730		6585		1751
3		4724		8773		1792
4		4678		10960		1776
5		4855		13141		1807
6		4652		15335		1816
7		4707		17519		1797
8		4759		19737		1776
9		4796		21948		1756
10		4719		24156		1766
11		4627		26335		1789
12		4632		28503		1782
13		4724		30689		1773
14		4781		32866		1830
15		4770		35033		1827
16		4782		37210		1846
17		4756		39373		1807
18		4749		41551		1835
19		4715		43722		1796
20		4739		45890		1788
21		4778		48063		1804
22		4738		50241		1797
23		4728		52421		1782
24		4829		54593		1781
25		4600		56785		1764
26		4769		58965		1788
27		4718		61132		1729
28		4641		63305		1772
29		4663		65470		1820
30		4614		67650		1821
31		4776		69829		1825
32		4647		71980		1805
33		4618		74159		1819
34		4644		76319		1811
35		4716		78489		1781
36		4761		80686		1808
37		4722		82866		1754
38		4726		85035		1791
39		4762		87190		1807
40		4776		89347		1816
41		4580		91492		1799
42		4741		93664		1817
43		4692		95824		1805
44		4436		97965		1786
45		4503		100132		1783
46		4726		102306		1792
47		4755		104471		1817
48		4550		106611		1787
49		4747		108792		1790
50		4844		110960		1804
51		4761		113101		1796
52		4793		115270		1799
53		4660		117421		1769
54		4703		119588		1784
55		4492		121741		1798
56		4760		123917		1756
57		4824		126101		1764
58		4661		128246		1781
59		4736		130434		1786
60		4703		132590		1818
61		4863		134757		1794
62		4743		136936		1814
63		4735		139095		1766
64		4715		141264		1774
65		4774		143409		1787
66		4807		145522		1796
67		4737		147699		1838
68		4566		149873		1763
69		4690		152036		1808
70		4641		154200		1798
71		4662		156325		1803
72		4838		158484		1799
73		4819		160635		1808
74		4822		162794		1803
75		4729		164937		1846
76		4751		167075		1786
77		4786		169226		1773
78		4616		171338		1753
79		4699		173473		1808
80		4699		175631		1782
81		4684		177782		1803
82		4870		179919		1829
83		4753		182062		1807
84		4702		184189		1772
85		4696		186331		1809
86		4781		188489		1830
87		4632		190651		1770
88		4804		192786		1795
89		4689		194908		1827
90		4731		197048		1781
91		4819		199181		1776
92		4685		201315		1816
93		4632		203421		1801
94		4575		205556		1770
95		4790		207713		1796
96		4590		209851		1798
97		4758		211989		1794
98		4723		214114		1777
99		4561		216253		1836
100		4629		218398		1759
101		4636		220522		1817
102		4704		222674		1772
103		4657		224782		1749
104		4622		226912		1810
105		4760		229029		1803
106		4794		231162		1773
107		4685		233310		1815
108		4726		235407		1821
109		4583		237542		1787
110		4665		239652		1793
111		4760		241768		1808
112		4599		243908		1766
113		4574		246026		1815
114		4682		248123		1778
115		4700		250233		1757
116		4558		252326		1814
117		4727		254412		1799
118		4620		256480		1802
119		4536		258553		1771
120		4672		260671		1800
121		4657		262796		1837
122		4714		264896		1781
123		4714		267003		1820
124		4554		269082		1843
125		4591		271185		1833
126		4592		273294		1823
127		4694		275389		1772
128		4720		277502		1801
129		4721		279626		1790
130		4752		281737		1812
131		4655		283875		1738
132		4636		285982		1789
133		4728		288086		1778
134		4744		290179		1818
135		4724		292286		1793
136		4607		294369		1785
137		4454		296432		1797
138		4671		298534		1760
139		4683		300668		1789
140		4707		302763		1796
141		4603		304842		1771
142		4644		306895		1794
143		4546		308973		1802
144		4736		311073		1757
145		4655		313163		1791
146		4560		315257		1795
147		4608		317358		1805
148		4609		319472		1791
149		4706		321528		1773
150		4658		323625		1820
151		4754		325696		1787
152		4735		327806		1831
153		4724		329866		1757
154		4647		331959		1793
155		4813		334065		1797
156		4568		336140		1835
157		4704		338222		1799
158		4657		340278		1797
159		4569		342355		1783
160		4758		344430		1792
161		4559		346471		1789
162		4629		348537		1837
163		4741		350626		1741
164		4740		352679		1793
165		4727		354717		1832
166		4516		356779		1801
167		4688		358841		1785
168		4709		360904		1820
169		4361		362956		1750
170		4577		365049		1801
171		4617		367066		1785
172		4639		369114		1828
173		4583		371194		1806
174		4603		373256		1825
175		4626		375302		1809
176		4746		377366		1820
177		4629		379417		1806
178		4603		381456		1789
179		4625		383519		1795
180		4464		385558		1792
181		4645		387565		1769
182		4692		389654		1772
183		4614		391720		1789
184		4702		393771		1795
185		4494		395796		1792
186		4634		397833		1828
187		4566		399888		1789
188		4609		401898		1759
189		4691		403928		1808
190		4646		405944		1840
191		4672		407995		1813
192		4696		410073		1815
193		4599		412100		1809
194		4723		414152		1792
195		4693		416194		1805
196		4546		418241		1804
197		4771		420270		1803
198		4608		422286		1781
199		4732		424308		1768
200		4603		426367		1822
201		4688		428367		1818
202		4629		430375		1786
203		4632		432394		1753
204		4575		434437		1795
205		4776		436471		1823
206		4636		438485		1791
207		4545		440508		1800
208		4628		442542		1796
209		4627		444563		1798
210		4424		446581		1819
211		4531		448564		1801
212		4610		450540		1794
213		4485		452510		1795
214		4534		454534		1797
215		4560		456532		1770
216		4492		458560		1802
217		4517		460582		1809
218		4761		462603		1773
219		4493		464593		1812
220		4642		466595		1751
221		4416		468607		1755
222		4660		470594		1819
223		4541		472578		1818
224		4578		474572		1793
225		4469		476557		1777
226		4602		478494		1770
227		4684		480471		1781
228		4607		482516		1780
229		4445		484445		1826
230		4597		486429		1801
231		4596		488442		1813
232		4595		490402		1804
233		4458		492401		1788
234		4675		494378		1775
235		4540		496323		1833
236		4461		498292		1799
237		4546		500267		1767
238		4639		502269		1753
239		4499		504244		1774
240		4536		506197		1790
241		4433		508115		1801
242		4542		510055		1807
243		4486		512005		1771
244		4586		513974		1820
245		4610		515966		1780
246		4551		517962		1801
247		4619		519920		1763
248		4520		521855		1819
249		4390		523795		1773
250		4617		525740		1808
251		4572		527677		1774
252		4732		529599		1771
253		4597		531577		1784
254		4353		533511		1785
255		4366		535397		1827
256		4571		537347		1751
257		4350		539291		1836
258		4555		541189		1791
259		4287		543086		1808
260		4524		545007		1796
261		4240		546922		1790
262		4490		548848		1821
263		4518		550768		1813
264		4162		552676		1741
265		4511		554558		1759
266		4435		556469		1789
267		4431		558379		1769
268		4480		560288		1801
269		4587		562219		1770
270		4458		564099		1803
271		4487		566005		1799
272		4589		567848		1827
273		4741		569757		1778
274		4575		571696		1784
275		4425		573617		1778
276		4276		575498		1794
277		4651		577401		1767
278		4535		579281		1799
279		4222		581171		1793
280		4523		583069		1794
281		4485		584979		1784
282		4395		586802		1806
283		4397		588687		1792
284		4453		590567		1793
285		4202		592431		1793
286		4511		594332		1829
287		4430		596213		1763
288		4490		598079		1815
289		4517		599940		1859
290		4466		601812		1758
291		4414		603667		1807
292		4378		605468		1793
293		4387		607298		1833
294		4304		609147		1810
295		4514		610954		1775
296		4447		612819		1773
297		4573		614687		1797
298		4429		616529		1825
299		4562		618357		1757
300		4639		620217		1766
301		4150		622027		1804
302		4347		623828		1774
303		4203		625608		1796
304		4220		627436		1827
305		4212		629271		1794
306		4340		631119		1788
307		4204		632970		1808
308		4540		634784		1832
309		4498		636631		1772
310		4493		638451		1779
311		4467		640276		1764
312		4369		642022		1776
313		4213		643799		1791
314		4227		645562		1861
315		4295		647373		1759
316		4463		649197		1802
317		4364		650993		1763
318		4498		652772		1785
319		4213		654545		1774
320		4538		656337		1789
321		4435		658115		1773
322		4301		659844		1797
323		4427		661584		1816
324		4478		663376		1777
325		4417		665130		1795
326		4202		666891		1781
327		4169		668606		1769
328		4400		670341		1773
329		4281		672122		1781
330		4212		673917		1789
331		4426		675693		1791
332		3954		677417		1794
333		4276		679147		1805
334		4330		680872		1802
335		4544		682697		1805
336		4185		684451		1815
337		4130		686178		1743
338		4183		687847		1798
339		4267		689529		1816
340		3945		691226		1772
341		4271		692919		1779
342		4510		694716		1812
343		4364		696442		1784
344		4462		698127		1787
345		4221		699855		1800
346		4453		701568		1798
347		4289		703319		1791
348		4223		704985		1803
349		3769		706591		1802
350		4023		708242		1790
351		4095		709932		1799
352		4273		711602		1772
353		4109		713223		1781
354		4115		714846		1807
355		3730		716457		1798
356		4055		718043		1794
357		4038		719697		1798
358		3872		721315		1781
359		4310		722934		1818
360		3946		724564		1809
361		4316		726210		1769
362		4125		727852		1776
363		3921		729444		1790
364		4321		731056		1763
365		3782		732658		1799
366		3741		734211		1783
367		4076		735793		1815
368		4138		737357		1792
369		3700		738882		1782
370		3700		740367		1800
371		3892		741890		1805
372		3728		743402		1807
373		3736		744940		1788
374		3710		746468		1791
375		3804		747997		1782
376		3673		749492		1812
377		3551		750990		1844
378		3627		752414		1796
379		3685		753885		1777
380		3450		755370		1793
381		4053		756902		1784
382		3907		758432		1757
383		3519		759901		1813
384		3346		761275		1769
385		3722		762656		1804
386		3548		764087		1788
387		3574		765526		1779
388		3440		766915		1786
389		3240		768268		1779
390		3702		769628		1767
391		3802		771110		1821
392		3694		772534		1752
393		3832		773969		1793
394		4019		775481		1768
395		3787		776940		1787
396		3667		778333		1785
397		3300		779687		1760
398		3297		781026		1786
399		3520		782436		1791
400		3388		783741		1788
401		3525		785035		1784
402		3622		786378		1804
403		3635		787731		1791
404		3863		789155		1812
405		3629		790541		1810
406		3529		791868		1812
407		3467		793188		1802
408		3153		794395		1818
409		3527		795615		1793
410		3525		796882		1785
411		3277		798177		1799
412		3288		799412		1764
413		3234		800632		1816
414		3320		801894		1789
415		3324		803110		1825
416		3450		804404		1799
417		2901		805599		1796
418		2756		806640		1793
419		2847		807678		1798
420		2930		808760		1811
421		2975		809813		1806
422		2985		810889		1782
423		2779		811891		1832
424		2745		812866		1795
425		2803		813777		1788
426		2772		814779		1787
427		2553		815710		1827
428		2861		816633		1784
429		2736		817636		1819
430		2665		818546		1813
431		2886		819475		1785
432		3124		820473		1801
433		3079		821502		1808
434		2827		822414		1794
435		2634		823266		1828
436		2595		824187		1769
437		2691		825092		1800
438		2769		825941		1830
439		2705		826787		1787
440		2843		827693		1808
441		2643		828560		1785
442		2704		829390		1795
443		2757		830275		1787
444		2689		831106		1789
445		2532		831907		1820
446		2695		832684		1857
447		2560		833509		1803
448		2655		834298		1816
449		2590		835063		1791
450		2340		835755		1782
451		2356		836437		1768
452		2289		837064		1793
453		2518		837791		1814
454		2378		838538		1784
455		2391		839238		1796
456		2312		839909		1777
457		2391		840538		1789
458		2343		841231		1814
459		2429		841909		1808
460		2439		842581		1798
461		2266		843254		1794
462		2326		843918		1804
463		2384		844566		1819
464		2300		845237		1808
465		2448		845864		1808
466		2392		846517		1818
467		2336		847131		1800
468		2500		847772		1791
469		2192		848340		1780
470		2244		848898		1793
471		2263		849531		1796
472		2361		850124		1801
473		2259		850736		1809
474		2241		851333		1803
475		2161		851943		1793
476		2380		852527		1791
477		2223		853148		1797
478		2249		853686		1823
479		2401		854233		1798
480		2255		854799		1818
481		2155		855329		1806
482		2080		855834		1812
483		2208		856352		1794
484		2131		856876		1828
485		2125		857415		1815
486		2093		857867		1796
487		1965		858294		1789
488		2027		858787		1783
489		1966		859179		1795
490		1988		859608		1816
491		2007		860008		1791
492		1997		860415		1795
493		2134		860896		1786
494		1968		861304		1784
495		1948		861740		1786
496		1989		862148		1785
497		1901		862537		1784
498		1960		862938		1787
499		2022		863386		1797
500		1971		863775		1805
501		1961		864157		1805
502		1974		864545		1794
503		1929		864939		1794
504		1947		865298		1782
505		1989		865674		1780
506		2030		866082		1781
507		1939		866488		1805
508		1998		866853		1799
509		2020		867219		1769
510		1989		867584		1771
511		1877		867928		1784
512		1924		868245		1784
513		1958		868539		1795
514		1842		868865		1772
515		1853		869157		1774
516		1926		869485		1785
517		1826		869780		1789
518		1836		870089		1789
519		1779		870390		1809
520		1958		870687		1805
521		1741		870944		1809
522		1790		871190		1808
523		1939		871505		1795
524		1892		871832		1785
525		1880		872187		1803
526		1784		872483		1772
527		1764		872742		1779
528		1767		872973		1783
529		1797		873222		1783
530		1717		873467		1801
531		1813		873695		1804
532		1820		873943		1809
533		1785		874210		1815
534		1741		874438		1821
535		1704		874674		1830
536		1726		874895		1802
537		1735		875116		1806
538		1716		875350		1815
539		1811		875571		1825
540		1705		875780		1819
541		1815		875973		1825
542		1671		876183		1818
543		1733		876376		1811
544		1809		876594		1784
545		1805		876815		1800
546		1780		877014		1814
547		1761		877200		1800
548		1674		877403		1798
549		1671		877596		1813
550		1699		877794		1810
551		1734		877991		1788
552		1698		878195		1788
553		1650		878375		1778
554		1663		878553		1797
555		1691		878736		1798
556		1732		878932		1801
557		1725		879106		1783
558		1695		879307		1799
559		1670		879489		1813
560		1672		879660		1804
561		1677		879827		1809
562		1643		880002		1807
563		1687		880175		1799
564		1701		880372		1807
565		1716		880555		1786
566		1673		880740		1786
567		1798		880941		1796
568		1695		881126		1795
569		1647		881293		1796
570		1687		881449		1799
571		1645		881580		1800
572		1627		881715		1789
573		1648		881853		1799
574		1610		881989		1786
575		1606		882127		1793
576		1620		882282		1789
577		1611		882378		1777
578		1674		882493		1779
579		1621		882623		1785
580		1647		882734		1787
581		1632		882860		1794
582		1567		882965		1777
583		1595		883080		1788
584		1619		883197		1780
585		1627		883307		1785
586		1596		883425		1784
587		1584		883545		1778
588		1641		883644		1783
589		1602		883743		1787
590		1599		883847		1801
591		1630		883953		1796
592		1596		884065		1796
593		1569		884182		1777
594		1570		884268		1777
595		1559		884383		1793
596		1556		884474		1795
597		1527		884549		1796
598		1548		884607		1800
599		1570		884705		1801
600		1555		884797		1806
601		1576		884875		1805
602		1549		884956		1806
603		1544		885047		1807
604		1548		885132		1802
605		1542		885224		1796
606		1557		885312		1794
607		1544		885394		1793
608		1532		885481		1791
609		1519		885571		1796
610		1521		885643		1802
611		1535		885714		1793
612		1535		885791		1787
613		1529		885867		1803
614		1522		885945		1801
615		1548		886020		1816
616		1579		886101		1803
617		1591		886184		1804
618		1518		886243		1795
619		1504		886297		1810
620		1498		886342		1808
621		1506		886387		1802
622		1507		886446		1796
623		1498		886504		1793
624		1508		886562		1799
625		1520		886635		1798
626		1507		886677		1804
627		1507		886720		1799
628		1507		886783		1798
629		1501		886836		1803
630		1514		886892		1803
631		1509		886945		1808
632		1557		887000		1804
633		1504		887062		1807
634		1488		887105		1804
635		1499		887156		1803
636		1503		887205		1803
637		1522		887248		1800
638		1514		887321		1812
639		1515		887385		1812
640		1517		887447		1802
641		1498		887497		1803
642		1508		887549		1801
643		1507		887602		1791
644		1509		887651		1789
645		1506		887700		1789
646		1504		887760		1797
647		1497		887800		1803
648		1494		887837		1790
649		1484		887883		1784
650		1502		887921		1777
651		1477		887961		1792
652		1482		887993		1790
653		1479		888027		1790
654		1486		888068		1785
655		1488		888099		1790
656		1479		888147		1784
657		1471		888176		1785
658		1462		888211		1789
659		1469		888234		1785
660		1475		888271		1788
661		1462		888296		1795
662		1465		888328		1792
663		1465		888346		1791
664		1490		888376		1796
665		1481		888398		1797
666		1470		888437		1796
667		1456		888470		1800
668		1448		888499		1803
669		1443		888520		1808
670		1445		888533		1805
671		1441		888559		1804
672		1456		888583		1811
673		1454		888604		1809
674		1461		888635		1810
675		1454		888653		1817
676		1458		888675		1813
677		1459		888703		1806
678		1456		888727		1806
679		1455		888756		1809
680		1446		888775		1801
681		1447		888792		1800
682		1452		888812		1802
683		1460		888833		1802
684		1463		888855		1802
685		1462		888879		1804
686		1456		888906		1805
687		1460		888938		1800
688		1488		888965		1801
689		1470		888997		1802
690		1458		889022		1799
691		1451		889042		1798
692		1443		889064		1799
693		1443		889078		1790
694		1438		889090		1790
695		1443		889111		1792
696		1442		889130		1791
697		1445		889149		1793
698		1448		889168		1798
699		1441		889183		1793
700		1442		889199		1786
701		1441		889222		1785
702		1446		889244		1789
703		1436		889260		1789
704		1438		889268		1788
705		1449		889289		1795
706		1448		889297		1796
707		1444		889312		1800
708		1450		889327		1803
709		1447		889357		1797
710		1441		889373		1802
711		1436		889391		1798
712		1437		889402		1794
713		1436		889418		1799
714		1432		889431		1793
715		1433		889438		1790
716		1435		889453		1791
717		1432		889470		1788
718		1431		889483		1790
719		1429		889487		1790
720		1437		889505		1791
721		1434		889517		1792
722		1432		889525		1794
723		1439		889536		1791
724		1435		889548		1787
725		1432		889561		1787
726		1440		889577		1784
727		1433		889592		1788
728		1451		889603		1791
729		1430		889620		1787
730		1431		889633		1790
731		1433		889642		1790
732		1431		889650		1789
733		1431		889654		1789
734		1442		889673		1784
735		1437		889685		1793
736		1436		889697		1789
737		1437		889705		1792
738		1435		889715		1792
739		1438		889730		1789
740		1439		889747		1789
741		1434		889763		1793
742		1431		889770		1792
743		1428		889783		1796
744		1431		889797		1789
745		1428		889804		1786
746		1428		889812		1790
747		1434		889819		1791
748		1434		889830		1791
749		1428		889836		1794
750		1431		889851		1793
751		1430		889856		1792
752		1431		889863		1788
753		1426		889872		1791
754		1425		889881		1793
755		1427		889883		1794
756		1428		889894		1794
757		1432		889901		1792
758		1431		889910		1795
759		1431		889914		1794
760		1430		889921		1792
761		1430		889923		1793
762		1430		889931		1792
763		1431		889938		1793
764		1429		889941		1795
765		1428		889949		1794
766		1425		889956		1799
767		1422		889959		1799
768		1424		889961		1796
769		1425		889966		1800
770		1421		889972		1799
771		1418		889979		1799
772		1418		889979		1799
773		1421		889984		1800
774		1422		889987		1799
775		1422		889994		1797
776		1424		890001		1798
777		1427		890007		1797
778		1429		890012		1797
779		1428		890016		1795
780		1426		890020		1795
781		1426		890022		1795
782		1424		890028		1793
783		1424		890034		1801
784		1422		890038		1802
785		1422		890042		1802
786		1423		890049		1803
787		1420		890058		1801
788		1418		890060		1801
789		1421		890064		1802
790		1419		890066		1801
791		1417		890070		1798
792		1418		890075		1799
793		1419		890078		1799
794		1421		890082		1802
795		1419		890086		1801
796		1420		890091		1803
797		1421		890094		1804
798		1418		890101		1806
799		1418		890103		1806
800		1419		890106		1806
801		1421		890112		1805
802		1419		890114		1802
803		1416		890117		1801
804		1417		890120		1799
805		1417		890122		1799
806		1417		890126		1796
807		1417		890126		1796
808		1417		890128		1796
809		1417		890130		1800
810		1415		890132		1800
811		1415		890134		1799
812		1415		890138		1803
813		1412		890141		1804
814		1412		890141		1804
815		1414		890143		1803
816		1414		890145		1801
817		1415		890148		1803
818		1415		890150		1804
819		1414		890153		1805
820		1416		890155		1805
821		1412		890158		1804
822		1412		890160		1805
823		1412		890160		1805
824		1412		890160		1805
825		1412		890160		1805
826		1413		890163		1803
827		1413		890165		1803
828		1413		890165		1803
829		1413		890167		1805
830		1409		890171		1809
831		1410		890172		1809
832		1410		890172		1809
833		1411		890173		1808
834		1411		890173		1808
835		1411		890173		1808
836		1412		890175		1808
837		1411		890176		1807
838		1415		890179		1809
839		1413		890181		1810
840		1413		890181		1810
841		1413		890181		1810
842		1412		890182		1810
843		1412		890182		1810
844		1412		890182		1810
845		1412		890182		1810
846		1410		890188		1805
847		1409		890189		1805
848		1411		890191		1805
849		1409		890193		1807
850		1409		890193		1807
851		1409		890193		1807
852		1407		890195		1806
853		1407		890195		1806
854		1408		890196		1805
855		1407		890197		1806
856		1407		890197		1806
857		1407		890197		1806
858		1407		890197		1806
859		1407		890197		1806
860		1408		890198		1805
861		1407		890199		1805
862		1408		890200		1805
863		1408		890200		1805
864		1408		890200		1805
865		1408		890200		1805
866		1408		890200		1805
867		1407		890201		1806
868		1407		890201		1806
869		1407		890201		1806
870		1407		890201		1806
871		1407		890201		1806
872		1407		890201		1806
873		1408		890202		1804
874		1409		890203		1805
875		1409		890203		1805
876		1410		890205		1807
877		1409		890206		1806
878		1409		890206		1806
879		1409		890206		1806
880		1409		890206		1806
881		1409		890206		1806
882		1409		890206		1806
883		1408		890207		1806
884		1407		890208		1805
885		1407		890210		1805
886		1407		890210		1805
887		1407		890210		1805
888		1408		890213		1805
889		1408		890213		1805
890		1407		890214		1804
891		1407		890214		1804
892		1407		890214		1804
893		1407		890214		1804
894		1407		890214		1804
895		1407		890214		1804
896		1407		890216		1804
897		1406		890217		1805
898		1405		890218		1805
899		1404		890219		1803
900		1404		890219		1803
901		1404		890219		1803
902		1404		890219		1803
903		1404		890219		1803
904		1404		890219		1803
905		1404		890219		1803
906		1404		890219		1803
907		1404		890219		1803
908		1404		890219		1803
909		1404		890219		1803
910		1405		890220		1805
911		1405		890222		1804
912		1405		890222		1804
913		1406		890223		1805
914		1405		890224		1804
915		1404		890227		1804
916		1404		890227		1804
917		1406		890229		1806
918		1406		890229		1806
919		1405		890230		1807
920		1405		890230		1807
921		1406		890231		1806
922		1406		890231		1806
923		1405		890232		1805
924		1404		890233		1805
925		1404		890233		1805
926		1404		890233		1805
927		1403		890234		1805
928		1402		890235		1805
929		1401		890236		1805
930		1401		890236		1805
931		1401		890236		1805
932		1401		890236		1805
933		1401		890236		1805
934		1401		890236		1805
935		1401		890236		1805
936		1401		890236		1805
937		1401		890236		1805
938		1401		890236		1805
939		1401		890236		1805
940		1401		890236		1805
941		1401		890236		1805
942		1401		890236		1805
943		1401		890236		1805
944		1401		890236		1805
945		1401		890236		1805
946		1401		890236		1805
947		1401		890236		1805
948		1401		890236		1805
949		1401		890236		1805
950		1401		890236		1805
951		1401		890236		1805
952		1401		890236		1805
953		1401		890236		1805
954		1401		890236		1805
955		1401		890236		1805
956		1401		890236		1805
957		1401		890236		1805
958		1401		890236		1805
959		1401		890236		1805
960		1401		890236		1805
961		1401		890236		1805
962		1401		890236		1805
963		1401		890236		1805
964		1401		890236		1805
965		1401		890236		1805
966		1401		890236		1805
967		1401		890236		1805
968		1401		890236		1805
969		1401		890236		1805
970		1401		890236		1805
971		1401		890236		1805
972		1401		890236		1805
973		1401		890236		1805
974		1401		890236		1805
975		1401		890236		1805
976		1401		890236		1805
977		1401		890236		1805
978		1401		890236		1805
979		1401		890236		1805
980		1401		890236		1805
981		1401		890236		1805
982		1402		890237		1805
983		1401		890238		1805
984		1401		890238		1805
985		1401		890238		1805
986		1401		890238		1805
987		1401		890238		1805
988		1401		890238		1805
989		1401		890238		1805
990		1401		890238		1805
991		1401		890238		1805
992		1401		890238		1805
993		1401		890238		1805
994		1401		890238		1805
995		1401		890238		1805
996		1401		890238		1805
997		1401		890238		1805
998		1401		890238		1805
999		1401		890238		1805
1000		1401		890238		1805
1001		1401		890238		1805
1002		1401		890238		1805
1003		1401		890238		1805
1004		1401		890238		1805
1005		1401		890238		1805
1006		1401		890238		1805
1007		1401		890238		1805
1008		1401		890238		1805
1009		1401		890238		1805
1010		1401		890238		1805
1011		1401		890238		1805
1012		1401		890238		1805
1013		1401		890238		1805
1014		1401		890238		1805
1015		1401		890238		1805
1016		1401		890238		1805
1017		1401		890238		1805
1018		1401		890238		1805
1019		1401		890238		1805
1020		1401		890240		1806
1021		1401		890240		1806
1022		1401		890240		1806
1023		1401		890240		1806
1024		1401		890240		1806
1025		1401		890240		1806
1026		1400		890241		1808
1027		1400		890241		1808
1028		1400		890241		1808
1029		1400		890241		1808
