# Migration is number of nodes that have changed color.

Round		Edge-Cut		Swaps		Migrations		Skipped
0		4743		2215		1889
1		4609		4412		1819
2		4801		6597		1780
3		4849		8794		1813
4		4808		10984		1762
5		4771		13181		1773
6		4765		15376		1845
7		4715		17566		1783
8		4825		19747		1816
9		4752		21937		1784
10		4773		24109		1833
11		4749		26285		1858
12		4718		28477		1771
13		4729		30657		1799
14		4659		32838		1803
15		4816		35029		1797
16		4705		37207		1768
17		4709		39379		1838
18		4804		41550		1819
19		4788		43740		1796
20		4791		45929		1756
21		4733		48080		1778
22		4570		50227		1755
23		4742		52398		1782
24		4700		54572		1811
25		4891		56762		1789
26		4745		58934		1790
27		4663		61091		1745
28		4798		63249		1786
29		4740		65400		1781
30		4818		67559		1793
31		4834		69741		1794
32		4820		71882		1798
33		4819		74054		1821
34		4647		76214		1799
35		4829		78363		1781
36		4593		80519		1822
37		4690		82658		1789
38		4663		84811		1790
39		4610		86948		1799
40		4756		89093		1774
41		4508		91247		1799
42		4524		93357		1797
43		4779		95500		1838
44		4541		97627		1796
45		4759		99764		1821
46		4774		101915		1808
47		4670		104033		1755
48		4661		106152		1789
49		4747		108277		1817
50		4631		110417		1787
51		4605		112547		1802
52		4609		114641		1810
53		4643		116763		1776
54		4711		118884		1821
55		4826		121020		1827
56		4774		123141		1781
57		4689		125256		1814
58		4663		127401		1814
59		4680		129522		1793
60		4676		131628		1801
61		4735		133750		1824
62		4626		135849		1801
63		4761		137939		1785
64		4438		140075		1800
65		4666		142165		1793
66		4604		144248		1792
67		4623		146341		1783
68		4684		148429		1805
69		4515		150499		1800
70		4664		152580		1806
71		4614		154655		1805
72		4710		156753		1797
73		4578		158812		1799
74		4581		160877		1816
75		4638		162980		1783
76		4681		165064		1812
77		4704		167140		1782
78		4493		169184		1779
79		4694		171244		1773
80		4635		173291		1778
81		4586		175345		1781
82		4417		177394		1845
83		4733		179455		1777
84		4425		181470		1769
85		4592		183504		1775
86		4719		185520		1790
87		4704		187554		1789
88		4424		189598		1825
89		4564		191580		1796
90		4700		193647		1786
91		4669		195668		1799
92		4628		197682		1774
93		4695		199717		1800
94		4659		201751		1806
95		4533		203733		1787
96		4418		205734		1815
97		4724		207761		1825
98		4607		209758		1813
99		4499		211744		1794
100		4330		213720		1837
101		4604		215704		1777
102		4590		217669		1798
103		4584		219619		1778
104		4609		221595		1785
105		4365		223582		1800
106		4566		225525		1799
107		4616		227465		1798
108		4589		229422		1798
109		4590		231390		1815
110		4493		233300		1825
111		4542		235286		1786
112		4769		237228		1805
113		4378		239137		1817
114		4656		241049		1772
115		4559		242973		1786
116		4508		244878		1797
117		4559		246770		1780
118		4680		248665		1770
119		4691		250588		1779
120		4404		252476		1783
121		4334		254359		1790
122		4456		256251		1778
123		4449		258115		1765
124		4394		259965		1825
125		4417		261807		1797
126		4248		263623		1790
127		4426		265465		1801
128		4412		267351		1808
129		4630		269234		1786
130		4110		271063		1788
131		4423		272899		1821
132		4391		274747		1756
133		4615		276570		1815
134		4328		278376		1814
135		4534		280250		1801
136		4503		282086		1775
137		4455		283885		1827
138		4306		285606		1826
139		4205		287392		1801
140		4402		289168		1828
141		4386		290930		1765
142		4503		292725		1817
143		4483		294505		1788
144		4354		296261		1778
145		4090		297989		1811
146		4483		299703		1779
147		4452		301465		1806
148		4217		303199		1758
149		4349		304889		1788
150		4102		306586		1778
151		4062		308247		1808
152		4052		309898		1790
153		3842		311481		1790
154		4364		313071		1772
155		4197		314729		1806
156		4073		316346		1798
157		3798		317935		1799
158		3791		319419		1807
159		4021		320950		1808
160		3797		322432		1789
161		4096		323997		1777
162		4193		325632		1803
163		4186		327253		1795
164		3797		328793		1773
165		3782		330291		1791
166		3938		331769		1827
167		3852		333243		1803
168		4049		334708		1775
169		3902		336211		1793
170		3421		337590		1801
171		3657		338924		1765
172		3551		340278		1810
173		3340		341548		1788
174		3572		342906		1796
175		3232		344223		1798
176		3252		345499		1785
177		3354		346729		1769
178		3170		347930		1807
179		3236		349135		1788
180		3162		350247		1850
181		2917		351328		1811
182		3122		352420		1791
183		2958		353567		1805
184		3116		354621		1776
185		3026		355711		1794
186		2998		356793		1789
187		2988		357803		1771
188		3085		358814		1783
189		2794		359840		1803
190		2781		360778		1791
191		2924		361697		1788
192		2715		362551		1770
193		2620		363377		1810
194		2649		364264		1829
195		2730		365085		1794
196		2685		365857		1780
197		2601		366653		1811
198		2550		367427		1783
199		2463		368176		1795
200		2489		368912		1788
201		2513		369608		1777
202		2368		370228		1789
203		2430		370812		1786
204		2289		371422		1799
205		2133		371942		1804
206		2094		372403		1804
207		2152		372931		1808
208		2196		373436		1810
209		2213		373973		1809
210		2201		374438		1803
211		2108		374896		1808
212		2002		375351		1811
213		2046		375785		1812
214		1987		376215		1823
215		2024		376587		1810
216		1950		376948		1790
217		1862		377293		1776
218		1887		377571		1807
219		1915		377889		1795
220		1926		378207		1784
221		1898		378490		1790
222		2006		378784		1785
223		1841		379044		1794
224		1869		379311		1787
225		1848		379539		1790
226		1797		379795		1785
227		1778		380065		1782
228		1772		380259		1785
229		1764		380487		1789
230		1773		380678		1814
231		1766		380891		1804
232		1753		381091		1805
233		1734		381260		1805
234		1787		381455		1786
235		1775		381655		1801
236		1734		381842		1798
237		1758		382032		1804
238		1747		382212		1798
239		1729		382382		1797
240		1762		382550		1814
241		1753		382749		1826
242		1709		382906		1810
243		1682		383054		1818
244		1685		383191		1808
245		1650		383298		1799
246		1658		383404		1817
247		1676		383505		1808
248		1695		383615		1821
249		1698		383718		1821
250		1705		383831		1806
251		1645		383935		1816
252		1647		384020		1804
253		1658		384112		1810
254		1636		384224		1817
255		1616		384321		1816
256		1609		384405		1821
257		1629		384486		1830
258		1610		384586		1821
259		1647		384676		1813
260		1619		384759		1809
261		1578		384837		1811
262		1588		384905		1809
263		1589		384978		1798
264		1655		385030		1799
265		1634		385094		1815
266		1606		385148		1812
267		1605		385226		1805
268		1596		385307		1806
269		1575		385371		1792
270		1588		385435		1802
271		1573		385488		1801
272		1566		385542		1800
273		1577		385596		1803
274		1553		385644		1801
275		1549		385668		1807
276		1551		385703		1802
277		1559		385731		1797
278		1566		385769		1789
279		1553		385814		1798
280		1557		385858		1802
281		1543		385894		1804
282		1544		385923		1814
283		1531		385957		1812
284		1543		385991		1816
285		1542		386026		1817
286		1551		386063		1817
287		1535		386088		1814
288		1527		386099		1812
289		1528		386120		1818
290		1548		386141		1818
291		1528		386176		1816
292		1537		386202		1816
293		1528		386237		1807
294		1530		386261		1811
295		1523		386276		1810
296		1523		386292		1809
297		1515		386310		1807
298		1510		386326		1812
299		1511		386346		1808
300		1508		386361		1809
301		1516		386377		1811
302		1519		386400		1810
303		1513		386416		1808
304		1509		386429		1807
305		1512		386441		1809
306		1508		386448		1803
307		1502		386459		1802
308		1501		386472		1807
309		1498		386484		1809
310		1495		386491		1810
311		1507		386505		1809
312		1497		386513		1814
313		1499		386522		1817
314		1496		386532		1815
315		1491		386542		1811
316		1493		386546		1811
317		1497		386554		1806
318		1495		386563		1809
319		1494		386570		1808
320		1493		386575		1809
321		1487		386582		1812
322		1487		386586		1812
323		1485		386588		1813
324		1483		386592		1810
325		1481		386594		1810
326		1485		386598		1811
327		1484		386599		1810
328		1484		386602		1808
329		1483		386605		1807
330		1489		386610		1806
331		1487		386617		1808
332		1485		386620		1807
333		1488		386622		1806
334		1487		386627		1805
335		1485		386629		1805
336		1487		386632		1806
337		1485		386636		1807
338		1482		386643		1809
339		1484		386646		1808
340		1483		386649		1808
341		1485		386654		1808
342		1482		386657		1807
343		1486		386659		1807
344		1485		386662		1808
345		1483		386664		1806
346		1481		386667		1805
347		1482		386670		1805
348		1479		386673		1808
349		1479		386673		1808
350		1478		386676		1806
351		1478		386678		1808
352		1481		386682		1808
353		1479		386684		1806
354		1477		386688		1804
355		1477		386690		1802
356		1477		386690		1802
357		1476		386691		1802
358		1476		386691		1802
359		1474		386693		1804
360		1473		386694		1803
361		1476		386695		1804
362		1475		386698		1802
363		1474		386699		1802
364		1476		386701		1802
365		1473		386703		1804
366		1472		386704		1804
367		1473		386705		1805
368		1472		386706		1805
369		1471		386707		1807
370		1471		386707		1807
371		1471		386707		1807
372		1471		386707		1807
373		1471		386707		1807
374		1470		386708		1806
375		1470		386708		1806
376		1470		386708		1806
377		1470		386708		1806
378		1470		386708		1806
379		1470		386708		1806
380		1470		386708		1806
381		1470		386708		1806
382		1470		386708		1806
383		1470		386710		1805
384		1472		386712		1806
385		1472		386712		1806
386		1472		386712		1806
387		1472		386712		1806
388		1473		386713		1808
389		1473		386713		1808
390		1473		386713		1808
391		1472		386714		1808
392		1471		386715		1808
393		1471		386715		1808
394		1471		386715		1808
395		1471		386715		1808
396		1471		386715		1808
397		1470		386716		1808
398		1470		386716		1808
399		1470		386716		1808
400		1470		386716		1808
401		1470		386716		1808
402		1470		386716		1808
403		1470		386716		1808
404		1470		386716		1808
405		1470		386716		1808
406		1470		386716		1808
407		1470		386716		1808
408		1470		386716		1808
409		1470		386716		1808
410		1470		386716		1808
411		1469		386717		1806
412		1469		386717		1806
413		1469		386717		1806
414		1468		386718		1807
415		1468		386718		1807
416		1467		386719		1807
417		1467		386719		1807
418		1467		386719		1807
419		1467		386719		1807
420		1467		386719		1807
421		1467		386719		1807
422		1467		386719		1807
423		1467		386719		1807
424		1467		386719		1807
425		1467		386719		1807
426		1467		386719		1807
427		1467		386719		1807
428		1467		386719		1807
429		1467		386719		1807
430		1467		386719		1807
431		1467		386719		1807
432		1467		386719		1807
433		1467		386719		1807
434		1467		386719		1807
435		1467		386719		1807
436		1467		386719		1807
437		1467		386719		1807
438		1467		386719		1807
439		1467		386719		1807
440		1467		386719		1807
441		1467		386719		1807
442		1467		386719		1807
443		1467		386719		1807
444		1467		386719		1807
445		1467		386719		1807
446		1467		386719		1807
447		1467		386719		1807
448		1467		386719		1807
449		1467		386719		1807
450		1467		386719		1807
451		1467		386719		1807
452		1467		386719		1807
453		1467		386719		1807
454		1467		386719		1807
455		1467		386719		1807
456		1466		386720		1807
457		1466		386720		1807
458		1466		386720		1807
459		1466		386720		1807
460		1466		386720		1807
461		1466		386720		1807
462		1466		386720		1807
463		1466		386720		1807
464		1466		386720		1807
465		1466		386720		1807
466		1466		386720		1807
467		1466		386720		1807
468		1466		386720		1807
469		1466		386720		1807
470		1466		386720		1807
471		1466		386720		1807
472		1466		386720		1807
473		1466		386720		1807
474		1466		386720		1807
475		1466		386720		1807
476		1466		386720		1807
477		1466		386720		1807
478		1466		386720		1807
479		1466		386720		1807
480		1466		386720		1807
481		1466		386720		1807
482		1466		386720		1807
483		1466		386720		1807
484		1466		386720		1807
485		1466		386720		1807
486		1466		386720		1807
487		1466		386720		1807
488		1466		386720		1807
489		1466		386720		1807
490		1466		386720		1807
491		1466		386720		1807
492		1466		386720		1807
493		1466		386720		1807
494		1466		386720		1807
495		1466		386720		1807
496		1466		386720		1807
497		1466		386720		1807
498		1465		386721		1806
499		1465		386721		1806
500		1465		386721		1806
501		1465		386721		1806
502		1465		386721		1806
503		1465		386721		1806
504		1465		386721		1806
505		1465		386721		1806
506		1465		386721		1806
507		1465		386721		1806
508		1465		386721		1806
509		1465		386721		1806
510		1465		386721		1806
511		1465		386721		1806
512		1465		386721		1806
513		1465		386721		1806
514		1465		386721		1806
515		1465		386721		1806
516		1465		386721		1806
517		1465		386721		1806
518		1465		386721		1806
519		1465		386721		1806
520		1465		386721		1806
521		1465		386721		1806
522		1465		386721		1806
523		1465		386721		1806
524		1465		386721		1806
525		1465		386721		1806
526		1465		386721		1806
527		1465		386721		1806
528		1465		386721		1806
529		1465		386721		1806
530		1465		386721		1806
531		1465		386721		1806
532		1465		386721		1806
533		1465		386721		1806
534		1465		386721		1806
535		1465		386721		1806
536		1465		386721		1806
537		1465		386721		1806
538		1465		386721		1806
539		1465		386721		1806
540		1465		386721		1806
541		1465		386721		1806
542		1465		386721		1806
543		1465		386721		1806
544		1465		386721		1806
545		1465		386721		1806
546		1465		386721		1806
547		1465		386721		1806
548		1465		386721		1806
549		1465		386721		1806
550		1465		386721		1806
551		1465		386721		1806
552		1465		386721		1806
553		1465		386721		1806
554		1465		386721		1806
555		1465		386721		1806
556		1465		386721		1806
557		1465		386721		1806
558		1465		386721		1806
559		1465		386721		1806
560		1465		386721		1806
561		1465		386721		1806
562		1465		386721		1806
563		1465		386721		1806
564		1465		386721		1806
565		1465		386721		1806
566		1465		386721		1806
567		1465		386721		1806
568		1465		386721		1806
569		1465		386721		1806
570		1465		386721		1806
571		1465		386721		1806
572		1465		386721		1806
573		1465		386721		1806
574		1465		386721		1806
575		1465		386721		1806
576		1465		386721		1806
577		1465		386721		1806
578		1465		386721		1806
579		1465		386721		1806
580		1465		386721		1806
581		1465		386721		1806
582		1465		386721		1806
583		1465		386721		1806
584		1465		386721		1806
585		1465		386721		1806
586		1465		386721		1806
587		1465		386721		1806
588		1465		386721		1806
589		1465		386721		1806
590		1465		386721		1806
591		1465		386721		1806
592		1465		386721		1806
593		1465		386721		1806
594		1465		386721		1806
595		1465		386721		1806
596		1465		386721		1806
597		1465		386721		1806
598		1465		386721		1806
599		1465		386721		1806
600		1465		386721		1806
601		1465		386721		1806
602		1465		386721		1806
603		1465		386721		1806
604		1465		386721		1806
605		1465		386721		1806
606		1465		386721		1806
607		1465		386721		1806
608		1465		386721		1806
609		1465		386721		1806
610		1465		386721		1806
611		1465		386721		1806
612		1465		386721		1806
613		1465		386721		1806
614		1465		386721		1806
615		1465		386721		1806
616		1465		386721		1806
617		1465		386721		1806
618		1465		386721		1806
619		1465		386721		1806
620		1465		386721		1806
621		1465		386721		1806
622		1465		386721		1806
623		1465		386721		1806
624		1465		386721		1806
625		1465		386721		1806
626		1465		386721		1806
627		1465		386721		1806
628		1465		386721		1806
629		1465		386721		1806
630		1465		386721		1806
631		1465		386721		1806
632		1465		386721		1806
633		1465		386721		1806
634		1465		386721		1806
635		1465		386721		1806
636		1465		386721		1806
637		1465		386721		1806
638		1465		386721		1806
639		1465		386721		1806
640		1465		386721		1806
641		1465		386721		1806
642		1465		386721		1806
643		1465		386721		1806
644		1465		386721		1806
645		1465		386721		1806
646		1465		386721		1806
647		1465		386721		1806
648		1465		386721		1806
649		1465		386721		1806
650		1465		386721		1806
651		1465		386721		1806
652		1465		386721		1806
653		1465		386721		1806
654		1465		386721		1806
655		1465		386721		1806
656		1465		386721		1806
657		1465		386721		1806
658		1465		386721		1806
659		1465		386721		1806
660		1465		386721		1806
661		1465		386721		1806
662		1465		386721		1806
663		1465		386721		1806
664		1465		386721		1806
665		1465		386721		1806
666		1465		386721		1806
667		1465		386721		1806
668		1465		386721		1806
669		1465		386721		1806
670		1465		386721		1806
671		1465		386721		1806
672		1465		386721		1806
673		1465		386721		1806
674		1465		386721		1806
675		1465		386721		1806
676		1465		386721		1806
677		1465		386721		1806
678		1465		386721		1806
679		1465		386721		1806
680		1465		386721		1806
681		1465		386721		1806
682		1465		386721		1806
683		1465		386721		1806
684		1465		386721		1806
685		1465		386721		1806
686		1465		386721		1806
687		1465		386721		1806
688		1465		386721		1806
689		1465		386721		1806
690		1465		386721		1806
691		1465		386721		1806
692		1465		386721		1806
693		1465		386721		1806
694		1465		386721		1806
695		1465		386721		1806
696		1465		386721		1806
697		1465		386721		1806
698		1465		386721		1806
699		1465		386721		1806
700		1465		386721		1806
701		1465		386721		1806
702		1465		386721		1806
703		1465		386721		1806
704		1465		386721		1806
705		1465		386721		1806
706		1465		386721		1806
707		1465		386721		1806
708		1465		386721		1806
709		1465		386721		1806
710		1465		386721		1806
711		1465		386721		1806
712		1465		386721		1806
713		1465		386721		1806
714		1465		386721		1806
715		1465		386721		1806
716		1465		386721		1806
717		1465		386721		1806
718		1465		386721		1806
719		1465		386721		1806
720		1465		386721		1806
721		1465		386721		1806
722		1465		386721		1806
723		1465		386721		1806
724		1465		386721		1806
725		1465		386721		1806
726		1465		386721		1806
727		1465		386721		1806
728		1465		386721		1806
729		1465		386721		1806
730		1465		386721		1806
731		1465		386721		1806
732		1465		386721		1806
733		1465		386721		1806
734		1465		386721		1806
735		1465		386721		1806
736		1465		386721		1806
737		1465		386721		1806
738		1465		386721		1806
739		1465		386721		1806
740		1465		386721		1806
741		1465		386721		1806
742		1465		386721		1806
743		1465		386721		1806
744		1465		386721		1806
745		1465		386721		1806
746		1465		386721		1806
747		1465		386721		1806
748		1465		386721		1806
749		1465		386721		1806
750		1465		386721		1806
751		1465		386721		1806
752		1465		386721		1806
753		1465		386721		1806
754		1465		386721		1806
755		1465		386721		1806
756		1465		386721		1806
757		1465		386721		1806
758		1465		386721		1806
759		1465		386721		1806
760		1465		386721		1806
761		1465		386721		1806
762		1465		386721		1806
763		1465		386721		1806
764		1465		386721		1806
765		1465		386721		1806
766		1465		386721		1806
767		1465		386721		1806
768		1465		386721		1806
769		1465		386721		1806
770		1465		386721		1806
771		1465		386721		1806
772		1465		386721		1806
773		1465		386721		1806
774		1465		386721		1806
775		1465		386721		1806
776		1465		386721		1806
777		1465		386721		1806
778		1465		386721		1806
779		1465		386721		1806
780		1465		386721		1806
781		1465		386721		1806
782		1465		386721		1806
783		1465		386721		1806
784		1465		386721		1806
785		1465		386721		1806
786		1465		386721		1806
787		1465		386721		1806
788		1465		386721		1806
789		1465		386721		1806
790		1465		386721		1806
791		1465		386721		1806
792		1465		386721		1806
793		1465		386721		1806
794		1465		386721		1806
795		1465		386721		1806
796		1465		386721		1806
797		1465		386721		1806
798		1465		386721		1806
799		1465		386721		1806
800		1465		386721		1806
801		1465		386721		1806
802		1465		386721		1806
803		1465		386721		1806
804		1465		386721		1806
805		1465		386721		1806
806		1465		386721		1806
807		1465		386721		1806
808		1465		386721		1806
809		1465		386721		1806
810		1465		386721		1806
811		1465		386721		1806
812		1465		386721		1806
813		1465		386721		1806
814		1465		386721		1806
815		1465		386721		1806
816		1465		386721		1806
817		1465		386721		1806
818		1465		386721		1806
819		1465		386721		1806
820		1465		386721		1806
821		1465		386721		1806
822		1465		386721		1806
823		1465		386721		1806
824		1465		386721		1806
825		1465		386721		1806
826		1465		386721		1806
827		1465		386721		1806
828		1465		386721		1806
829		1465		386721		1806
830		1465		386721		1806
831		1465		386721		1806
832		1465		386721		1806
833		1465		386721		1806
834		1465		386721		1806
835		1465		386721		1806
836		1465		386721		1806
837		1465		386721		1806
838		1465		386721		1806
839		1465		386721		1806
840		1465		386721		1806
841		1465		386721		1806
842		1465		386721		1806
843		1465		386721		1806
844		1465		386721		1806
845		1465		386721		1806
846		1465		386721		1806
847		1465		386721		1806
848		1465		386721		1806
849		1465		386721		1806
850		1465		386721		1806
851		1465		386721		1806
852		1465		386721		1806
853		1465		386721		1806
854		1465		386721		1806
855		1465		386721		1806
856		1465		386721		1806
857		1465		386721		1806
858		1465		386721		1806
859		1465		386721		1806
860		1465		386721		1806
861		1465		386721		1806
862		1465		386721		1806
863		1465		386721		1806
864		1465		386721		1806
865		1465		386721		1806
866		1465		386721		1806
867		1465		386721		1806
868		1465		386721		1806
869		1465		386721		1806
870		1465		386721		1806
871		1465		386721		1806
872		1465		386721		1806
873		1465		386721		1806
874		1465		386721		1806
875		1465		386721		1806
876		1465		386721		1806
877		1465		386721		1806
878		1465		386721		1806
879		1465		386721		1806
880		1465		386721		1806
881		1465		386721		1806
882		1465		386721		1806
883		1465		386721		1806
884		1465		386721		1806
885		1465		386721		1806
886		1465		386721		1806
887		1465		386721		1806
888		1465		386721		1806
889		1465		386721		1806
890		1465		386721		1806
891		1465		386721		1806
892		1465		386721		1806
893		1465		386721		1806
894		1465		386721		1806
895		1465		386721		1806
896		1465		386721		1806
897		1465		386721		1806
898		1465		386721		1806
899		1465		386721		1806
900		1465		386721		1806
901		1465		386721		1806
902		1465		386721		1806
903		1465		386721		1806
904		1465		386721		1806
905		1465		386721		1806
906		1465		386721		1806
907		1465		386721		1806
908		1465		386721		1806
909		1465		386721		1806
910		1465		386721		1806
911		1465		386721		1806
912		1465		386721		1806
913		1465		386721		1806
914		1465		386721		1806
915		1465		386721		1806
916		1465		386721		1806
917		1465		386721		1806
918		1465		386721		1806
919		1465		386721		1806
920		1465		386721		1806
921		1465		386721		1806
922		1465		386721		1806
923		1465		386721		1806
924		1465		386721		1806
925		1465		386721		1806
926		1465		386721		1806
927		1465		386721		1806
928		1465		386721		1806
929		1465		386721		1806
930		1465		386721		1806
931		1465		386721		1806
932		1465		386721		1806
933		1465		386721		1806
934		1465		386721		1806
935		1465		386721		1806
936		1465		386721		1806
937		1465		386721		1806
938		1465		386721		1806
939		1465		386721		1806
940		1465		386721		1806
941		1465		386721		1806
942		1465		386721		1806
943		1465		386721		1806
944		1465		386721		1806
945		1465		386721		1806
946		1465		386721		1806
947		1465		386721		1806
948		1465		386721		1806
949		1465		386721		1806
950		1465		386721		1806
951		1465		386721		1806
952		1465		386721		1806
953		1465		386721		1806
954		1465		386721		1806
955		1465		386721		1806
956		1465		386721		1806
957		1465		386721		1806
958		1465		386721		1806
959		1465		386721		1806
960		1465		386721		1806
961		1465		386721		1806
962		1465		386721		1806
963		1465		386721		1806
964		1465		386721		1806
965		1465		386721		1806
966		1465		386721		1806
967		1465		386721		1806
968		1465		386721		1806
969		1465		386721		1806
970		1465		386721		1806
971		1465		386721		1806
972		1465		386721		1806
973		1465		386721		1806
974		1465		386721		1806
975		1465		386721		1806
976		1465		386721		1806
977		1465		386721		1806
978		1465		386721		1806
979		1465		386721		1806
980		1465		386721		1806
981		1465		386721		1806
982		1465		386721		1806
983		1465		386721		1806
984		1465		386721		1806
985		1465		386721		1806
986		1465		386721		1806
987		1465		386721		1806
988		1465		386721		1806
989		1465		386721		1806
990		1465		386721		1806
991		1465		386721		1806
992		1465		386721		1806
993		1465		386721		1806
994		1465		386721		1806
995		1465		386721		1806
996		1465		386721		1806
997		1465		386721		1806
998		1465		386721		1806
999		1465		386721		1806
1000		1465		386721		1806
1001		1465		386721		1806
1002		1465		386721		1806
1003		1465		386721		1806
1004		1465		386721		1806
1005		1465		386721		1806
1006		1465		386721		1806
1007		1465		386721		1806
1008		1465		386721		1806
1009		1465		386721		1806
1010		1465		386721		1806
1011		1465		386721		1806
1012		1465		386721		1806
1013		1465		386721		1806
1014		1465		386721		1806
1015		1465		386721		1806
1016		1465		386721		1806
1017		1465		386721		1806
1018		1465		386721		1806
1019		1465		386721		1806
1020		1465		386721		1806
1021		1465		386721		1806
1022		1465		386721		1806
1023		1465		386721		1806
1024		1465		386721		1806
1025		1465		386721		1806
1026		1465		386721		1806
1027		1465		386721		1806
1028		1465		386721		1806
1029		1465		386721		1806
