# Migration is number of nodes that have changed color.

Round		Edge-Cut		Swaps		Migrations		Skipped
0		3570		2351		1580
1		2927		4627		1744
2		2796		6851		1766
3		2635		9045		1796
4		2545		11239		1778
5		2557		13416		1761
6		2443		15610		1768
7		2442		17752		1757
8		2381		19936		1783
9		2366		22105		1769
10		2366		24257		1796
11		2324		26392		1816
12		2346		28529		1795
13		2241		30698		1789
14		2231		32854		1807
15		2260		34998		1793
16		2251		37155		1801
17		2230		39303		1802
18		2157		41471		1807
19		2127		43589		1818
20		2095		45701		1808
21		2130		47830		1811
22		2124		49948		1796
23		2168		52070		1785
24		2108		54192		1810
25		2054		56322		1823
26		2036		58426		1817
27		2040		60520		1801
28		2013		62639		1792
29		2028		64773		1819
30		2017		66874		1776
31		2016		68998		1794
32		1973		71126		1777
33		1952		73237		1794
34		1916		75342		1802
35		1866		77493		1801
36		1870		79593		1778
37		1908		81673		1786
38		1873		83789		1793
39		1893		85879		1810
40		1881		88002		1797
41		1849		90106		1833
42		1825		92193		1822
43		1851		94298		1817
44		1867		96411		1801
45		1848		98473		1809
46		1826		100569		1809
47		1873		102666		1812
48		1869		104757		1818
49		1868		106849		1809
50		1856		108950		1801
51		1804		111060		1801
52		1840		113161		1789
53		1815		115256		1762
54		1835		117352		1776
55		1807		119451		1785
56		1808		121572		1797
57		1815		123653		1783
58		1800		125749		1781
59		1769		127839		1779
60		1794		129923		1798
61		1773		132002		1798
62		1749		134097		1800
63		1769		136185		1788
64		1773		138302		1809
65		1741		140372		1810
66		1754		142449		1807
67		1751		144480		1817
68		1764		146580		1801
69		1762		148667		1802
70		1738		150739		1805
71		1742		152803		1806
72		1709		154876		1807
73		1698		156949		1800
74		1725		159023		1805
75		1750		161073		1800
76		1725		163146		1790
77		1697		165197		1802
78		1711		167250		1817
79		1711		169346		1812
80		1762		171434		1815
81		1728		173516		1808
82		1735		175608		1794
83		1707		177689		1796
84		1704		179762		1802
85		1730		181828		1793
86		1721		183928		1797
87		1724		185984		1797
88		1703		188051		1806
89		1737		190128		1787
90		1753		192218		1781
91		1721		194289		1801
92		1689		196359		1799
93		1727		198420		1808
94		1749		200519		1808
95		1727		202598		1805
96		1768		204661		1792
97		1746		206718		1806
98		1742		208795		1802
99		1730		210881		1817
100		1727		212968		1807
101		1696		215007		1814
102		1714		217070		1808
103		1707		219126		1818
104		1669		221180		1812
105		1678		223241		1827
106		1672		225292		1810
107		1659		227375		1815
108		1667		229454		1818
109		1695		231498		1809
110		1675		233534		1810
111		1677		235619		1804
112		1704		237674		1813
113		1695		239757		1799
114		1698		241817		1786
115		1700		243863		1791
116		1692		245959		1784
117		1654		248005		1801
118		1667		250096		1789
119		1666		252147		1786
120		1670		254197		1811
121		1677		256228		1788
122		1651		258266		1796
123		1657		260303		1804
124		1649		262373		1782
125		1606		264394		1783
126		1596		266396		1786
127		1594		268426		1795
128		1573		270433		1794
129		1569		272447		1798
130		1553		274441		1795
131		1556		276455		1794
132		1544		278480		1794
133		1528		280497		1795
134		1537		282506		1794
135		1527		284525		1794
136		1524		286521		1799
137		1531		288539		1797
138		1539		290545		1794
139		1540		292566		1805
140		1537		294574		1799
141		1520		296580		1798
142		1517		298604		1803
143		1509		300613		1799
144		1499		302618		1795
145		1494		304601		1802
146		1501		306631		1792
147		1502		308616		1781
148		1496		310613		1782
149		1496		312574		1786
150		1519		314601		1789
151		1497		316625		1786
152		1487		318642		1776
153		1492		320638		1773
154		1496		322662		1776
155		1510		324686		1775
156		1506		326668		1788
157		1526		328689		1783
158		1520		330727		1788
159		1518		332721		1799
160		1510		334743		1802
161		1501		336709		1798
162		1490		338700		1779
163		1487		340711		1792
164		1509		342686		1790
165		1497		344668		1788
166		1505		346718		1787
167		1503		348673		1785
168		1498		350650		1786
169		1498		352681		1777
170		1499		354700		1789
171		1482		356686		1796
172		1474		358687		1795
173		1478		360656		1793
174		1482		362628		1798
175		1487		364635		1794
176		1483		366622		1786
177		1478		368590		1787
178		1468		370573		1793
179		1456		372586		1794
180		1445		374589		1791
181		1441		376570		1788
182		1434		378556		1787
183		1436		380551		1787
184		1437		382532		1788
185		1441		384535		1788
186		1440		386539		1787
187		1436		388527		1788
188		1433		390497		1788
189		1429		392505		1793
190		1431		394450		1789
191		1430		396445		1794
192		1428		398445		1795
193		1428		400413		1794
194		1425		402373		1800
195		1422		404356		1796
196		1419		406317		1798
197		1417		408320		1802
198		1417		410286		1805
199		1416		412275		1804
200		1414		414213		1805
201		1411		416161		1791
202		1410		418164		1791
203		1410		420151		1790
204		1410		422119		1790
205		1408		424090		1785
206		1408		426048		1784
207		1405		427996		1787
208		1404		429968		1789
209		1403		431957		1789
210		1402		433939		1793
211		1400		435885		1790
212		1400		437868		1791
213		1400		439829		1787
214		1400		441807		1789
215		1398		443811		1788
216		1398		445776		1782
217		1397		447756		1782
218		1395		449758		1777
219		1395		451724		1779
220		1394		453696		1779
221		1393		455685		1782
222		1393		457620		1781
223		1393		459618		1782
224		1393		461592		1779
225		1393		463543		1779
226		1393		465519		1780
227		1393		467485		1783
228		1392		469501		1784
229		1391		471461		1781
230		1391		473449		1782
231		1391		475440		1780
232		1389		477421		1781
233		1389		479395		1780
234		1389		481350		1780
235		1389		483282		1784
236		1389		485264		1782
237		1389		487243		1783
238		1389		489192		1781
239		1389		491195		1781
240		1389		493177		1783
241		1389		495169		1785
242		1388		497172		1784
243		1388		499160		1785
244		1388		501175		1782
245		1387		503119		1782
246		1387		505099		1780
247		1387		507058		1782
248		1387		508994		1781
249		1387		510972		1780
250		1387		510972		1780
251		1386		510973		1779
252		1386		510973		1779
253		1386		510973		1779
254		1386		510973		1779
255		1386		510973		1779
256		1386		510973		1779
257		1386		510973		1779
258		1386		510973		1779
259		1385		510974		1780
260		1385		510974		1780
261		1385		510974		1780
262		1385		510974		1780
263		1385		510974		1780
264		1385		510974		1780
265		1385		510974		1780
266		1385		510974		1780
267		1385		510974		1780
268		1385		510974		1780
269		1385		510974		1780
270		1385		510974		1780
271		1385		510974		1780
272		1384		510975		1781
273		1384		510975		1781
274		1384		510975		1781
275		1384		510975		1781
276		1384		510975		1781
277		1384		510975		1781
278		1384		510975		1781
279		1384		510975		1781
280		1384		510975		1781
281		1384		510975		1781
282		1384		510975		1781
283		1384		510975		1781
284		1384		510975		1781
285		1384		510975		1781
286		1384		510975		1781
287		1384		510975		1781
288		1384		510975		1781
289		1384		510975		1781
290		1383		510976		1782
291		1383		510976		1782
292		1383		510976		1782
293		1383		510976		1782
294		1383		510976		1782
295		1382		510977		1780
296		1382		510977		1780
297		1382		510977		1780
298		1382		510977		1780
299		1382		510977		1780
300		1382		510977		1780
301		1382		510977		1780
302		1382		510977		1780
303		1382		510977		1780
304		1382		510977		1780
305		1382		510977		1780
306		1382		510977		1780
307		1382		510977		1780
308		1382		510977		1780
309		1382		510977		1780
310		1382		510977		1780
311		1382		510977		1780
312		1382		510977		1780
313		1382		510977		1780
314		1382		510977		1780
315		1382		510977		1780
316		1382		510977		1780
317		1382		510977		1780
318		1382		510977		1780
319		1382		510977		1780
320		1382		510977		1780
321		1382		510977		1780
322		1382		510977		1780
323		1382		510977		1780
324		1382		510977		1780
325		1382		510977		1780
326		1382		510977		1780
327		1382		510977		1780
328		1382		510977		1780
329		1382		510977		1780
330		1382		510977		1780
331		1382		510977		1780
332		1382		510977		1780
333		1382		510977		1780
334		1382		510977		1780
335		1382		510977		1780
336		1382		510977		1780
337		1382		510977		1780
338		1382		510977		1780
339		1382		510977		1780
340		1382		510977		1780
341		1382		510977		1780
342		1382		510977		1780
343		1382		510977		1780
344		1381		510978		1780
345		1382		510979		1781
346		1382		510979		1781
347		1381		510980		1779
348		1381		510980		1779
349		1381		510980		1779
350		1381		510980		1779
351		1381		510980		1779
352		1381		510980		1779
353		1381		510980		1779
354		1381		510980		1779
355		1381		510980		1779
356		1381		510980		1779
357		1381		510980		1779
358		1381		510980		1779
359		1381		510980		1779
360		1381		510980		1779
361		1381		510980		1779
362		1381		510980		1779
363		1381		510980		1779
364		1381		510980		1779
365		1381		510980		1779
366		1381		510980		1779
367		1381		510980		1779
368		1381		510980		1779
369		1381		510980		1779
370		1381		510980		1779
371		1381		510980		1779
372		1381		510980		1779
373		1381		510980		1779
374		1381		510980		1779
375		1381		510980		1779
376		1381		510980		1779
377		1381		510980		1779
378		1381		510980		1779
379		1381		510980		1779
380		1381		510980		1779
381		1381		510980		1779
382		1381		510980		1779
383		1381		510980		1779
384		1381		510980		1779
385		1381		510980		1779
386		1381		510980		1779
387		1381		510980		1779
388		1381		510980		1779
389		1381		510980		1779
390		1381		510980		1779
391		1381		510980		1779
392		1381		510980		1779
393		1381		510980		1779
394		1381		510980		1779
395		1381		510980		1779
396		1381		510980		1779
397		1381		510980		1779
398		1381		510980		1779
399		1381		510980		1779
400		1381		510980		1779
401		1381		510980		1779
402		1381		510980		1779
403		1381		510980		1779
404		1381		510980		1779
405		1381		510980		1779
406		1381		510980		1779
407		1381		510980		1779
408		1381		510980		1779
409		1381		510980		1779
410		1381		510980		1779
411		1381		510980		1779
412		1381		510980		1779
413		1381		510980		1779
414		1381		510980		1779
415		1381		510980		1779
416		1381		510980		1779
417		1381		510980		1779
418		1381		510980		1779
419		1381		510980		1779
420		1381		510980		1779
421		1381		510980		1779
422		1381		510980		1779
423		1381		510980		1779
424		1381		510980		1779
425		1381		510980		1779
426		1381		510980		1779
427		1381		510980		1779
428		1381		510980		1779
429		1381		510980		1779
430		1381		510980		1779
431		1381		510980		1779
432		1381		510980		1779
433		1381		510980		1779
434		1381		510980		1779
435		1381		510980		1779
436		1381		510980		1779
437		1381		510980		1779
438		1381		510980		1779
439		1381		510980		1779
440		1381		510980		1779
441		1381		510980		1779
442		1381		510980		1779
443		1381		510980		1779
444		1381		510980		1779
445		1381		510980		1779
446		1381		510980		1779
447		1381		510980		1779
448		1381		510980		1779
449		1381		510980		1779
450		1381		510980		1779
451		1381		510980		1779
452		1381		510980		1779
453		1381		510980		1779
454		1381		510980		1779
455		1381		510980		1779
456		1381		510980		1779
457		1381		510980		1779
458		1381		510980		1779
459		1381		510980		1779
460		1381		510980		1779
461		1381		510980		1779
462		1381		510980		1779
463		1381		510980		1779
464		1381		510980		1779
465		1381		510980		1779
466		1381		510980		1779
467		1381		510980		1779
468		1381		510980		1779
469		1381		510980		1779
470		1381		510980		1779
471		1381		510980		1779
472		1381		510980		1779
473		1381		510980		1779
474		1381		510980		1779
475		1381		510980		1779
476		1381		510980		1779
477		1381		510980		1779
478		1381		510980		1779
479		1381		510980		1779
480		1381		510980		1779
481		1381		510980		1779
482		1381		510980		1779
483		1381		510980		1779
484		1381		510980		1779
485		1381		510980		1779
486		1381		510980		1779
487		1381		510980		1779
488		1381		510980		1779
489		1381		510980		1779
490		1381		510980		1779
491		1381		510980		1779
492		1381		510980		1779
493		1381		510980		1779
494		1381		510980		1779
495		1381		510980		1779
496		1381		510980		1779
497		1381		510980		1779
498		1381		510980		1779
499		1381		510980		1779
500		1381		510980		1779
501		1381		510980		1779
502		1381		510980		1779
503		1381		510980		1779
504		1381		510980		1779
505		1381		510980		1779
506		1381		510980		1779
507		1381		510980		1779
508		1381		510980		1779
509		1381		510980		1779
510		1381		510980		1779
511		1381		510980		1779
512		1381		510980		1779
513		1381		510980		1779
514		1381		510980		1779
515		1381		510980		1779
516		1381		510980		1779
517		1381		510980		1779
518		1381		510980		1779
519		1381		510980		1779
520		1381		510980		1779
521		1381		510980		1779
522		1381		510980		1779
523		1381		510980		1779
524		1381		510980		1779
525		1381		510980		1779
526		1381		510980		1779
527		1381		510980		1779
528		1381		510980		1779
529		1381		510980		1779
530		1381		510980		1779
531		1381		510980		1779
532		1381		510980		1779
533		1381		510980		1779
534		1381		510980		1779
535		1381		510980		1779
536		1381		510980		1779
537		1381		510980		1779
538		1381		510980		1779
539		1381		510980		1779
540		1381		510980		1779
541		1381		510980		1779
542		1381		510980		1779
543		1381		510980		1779
544		1381		510980		1779
545		1381		510980		1779
546		1381		510980		1779
547		1381		510980		1779
548		1381		510980		1779
549		1381		510980		1779
550		1381		510980		1779
551		1381		510980		1779
552		1381		510980		1779
553		1381		510980		1779
554		1381		510980		1779
555		1381		510980		1779
556		1381		510980		1779
557		1381		510980		1779
558		1381		510980		1779
559		1381		510980		1779
560		1381		510980		1779
561		1381		510980		1779
562		1381		510980		1779
563		1381		510980		1779
564		1381		510980		1779
565		1381		510980		1779
566		1381		510980		1779
567		1381		510980		1779
568		1381		510980		1779
569		1381		510980		1779
570		1381		510980		1779
571		1381		510980		1779
572		1381		510980		1779
573		1381		510980		1779
574		1381		510980		1779
575		1381		510980		1779
576		1381		510980		1779
577		1381		510980		1779
578		1381		510980		1779
579		1381		510980		1779
580		1381		510980		1779
581		1381		510980		1779
582		1381		510980		1779
583		1381		510980		1779
584		1381		510980		1779
585		1381		510980		1779
586		1381		510980		1779
587		1381		510980		1779
588		1381		510980		1779
589		1381		510980		1779
590		1381		510980		1779
591		1381		510980		1779
592		1381		510980		1779
593		1381		510980		1779
594		1381		510980		1779
595		1381		510980		1779
596		1381		510980		1779
597		1381		510980		1779
598		1381		510980		1779
599		1381		510980		1779
600		1381		510980		1779
601		1381		510980		1779
602		1381		510980		1779
603		1381		510980		1779
604		1381		510980		1779
605		1381		510980		1779
606		1381		510980		1779
607		1381		510980		1779
608		1381		510980		1779
609		1381		510980		1779
610		1381		510980		1779
611		1381		510980		1779
612		1381		510980		1779
613		1381		510980		1779
614		1381		510980		1779
615		1381		510980		1779
616		1381		510980		1779
617		1381		510980		1779
618		1381		510980		1779
619		1381		510980		1779
620		1381		510980		1779
621		1381		510980		1779
622		1381		510980		1779
623		1381		510980		1779
624		1381		510980		1779
625		1381		510980		1779
626		1381		510980		1779
627		1381		510980		1779
628		1381		510980		1779
629		1381		510980		1779
630		1381		510980		1779
631		1381		510980		1779
632		1381		510980		1779
633		1381		510980		1779
634		1381		510980		1779
635		1381		510980		1779
636		1381		510980		1779
637		1381		510980		1779
638		1381		510980		1779
639		1381		510980		1779
640		1381		510980		1779
641		1381		510980		1779
642		1381		510980		1779
643		1381		510980		1779
644		1381		510980		1779
645		1381		510980		1779
646		1381		510980		1779
647		1381		510980		1779
648		1381		510980		1779
649		1381		510980		1779
650		1381		510980		1779
651		1381		510980		1779
652		1381		510980		1779
653		1381		510980		1779
654		1381		510980		1779
655		1381		510980		1779
656		1381		510980		1779
657		1381		510980		1779
658		1381		510980		1779
659		1381		510980		1779
660		1381		510980		1779
661		1381		510980		1779
662		1381		510980		1779
663		1381		510980		1779
664		1381		510980		1779
665		1381		510980		1779
666		1381		510980		1779
667		1381		510980		1779
668		1381		510980		1779
669		1381		510980		1779
670		1381		510980		1779
671		1381		510980		1779
672		1381		510980		1779
673		1381		510980		1779
674		1381		510980		1779
675		1381		510980		1779
676		1381		510980		1779
677		1381		510980		1779
678		1381		510980		1779
679		1381		510980		1779
680		1381		510980		1779
681		1381		510980		1779
682		1381		510980		1779
683		1381		510980		1779
684		1381		510980		1779
685		1381		510980		1779
686		1381		510980		1779
687		1381		510980		1779
688		1381		510980		1779
689		1381		510980		1779
690		1381		510980		1779
691		1381		510980		1779
692		1381		510980		1779
693		1381		510980		1779
694		1381		510980		1779
695		1381		510980		1779
696		1382		510981		1780
697		1381		510982		1780
698		1381		510982		1780
699		1381		510982		1780
700		1381		510982		1780
701		1381		510982		1780
702		1381		510982		1780
703		1381		510982		1780
704		1381		510982		1780
705		1381		510982		1780
706		1381		510982		1780
707		1381		510982		1780
708		1381		510982		1780
709		1381		510982		1780
710		1381		510982		1780
711		1381		510982		1780
712		1381		510982		1780
713		1381		510982		1780
714		1381		510982		1780
715		1381		510982		1780
716		1381		510982		1780
717		1381		510982		1780
718		1381		510982		1780
719		1381		510982		1780
720		1381		510982		1780
721		1381		510982		1780
722		1381		510982		1780
723		1381		510982		1780
724		1381		510982		1780
725		1381		510982		1780
726		1381		510982		1780
727		1381		510982		1780
728		1381		510982		1780
729		1381		510982		1780
730		1381		510982		1780
731		1381		510982		1780
732		1381		510982		1780
733		1381		510982		1780
734		1381		510982		1780
735		1381		510982		1780
736		1381		510982		1780
737		1381		510982		1780
738		1381		510982		1780
739		1381		510982		1780
740		1381		510982		1780
741		1381		510982		1780
742		1381		510982		1780
743		1381		510982		1780
744		1381		510982		1780
745		1381		510982		1780
746		1381		510982		1780
747		1381		510982		1780
748		1381		510982		1780
749		1381		510982		1780
750		1381		510982		1780
751		1381		510982		1780
752		1381		510982		1780
753		1381		510982		1780
754		1381		510982		1780
755		1381		510982		1780
756		1381		510982		1780
757		1381		510982		1780
758		1381		510982		1780
759		1381		510982		1780
760		1381		510982		1780
761		1381		510982		1780
762		1381		510982		1780
763		1381		510982		1780
764		1381		510982		1780
765		1381		510982		1780
766		1381		510982		1780
767		1381		510982		1780
768		1381		510982		1780
769		1381		510982		1780
770		1381		510982		1780
771		1381		510982		1780
772		1381		510982		1780
773		1381		510982		1780
774		1381		510982		1780
775		1381		510982		1780
776		1381		510982		1780
777		1381		510982		1780
778		1381		510982		1780
779		1381		510982		1780
780		1381		510982		1780
781		1381		510982		1780
782		1381		510982		1780
783		1381		510982		1780
784		1381		510982		1780
785		1381		510982		1780
786		1381		510982		1780
787		1381		510982		1780
788		1381		510982		1780
789		1381		510982		1780
790		1381		510982		1780
791		1381		510982		1780
792		1381		510982		1780
793		1381		510982		1780
794		1381		510982		1780
795		1381		510982		1780
796		1381		510982		1780
797		1381		510982		1780
798		1381		510982		1780
799		1381		510982		1780
800		1381		510982		1780
801		1381		510982		1780
802		1381		510982		1780
803		1381		510982		1780
804		1381		510982		1780
805		1381		510982		1780
806		1381		510982		1780
807		1381		510982		1780
808		1381		510982		1780
809		1381		510982		1780
810		1381		510982		1780
811		1381		510982		1780
812		1381		510982		1780
813		1381		510982		1780
814		1381		510982		1780
815		1381		510982		1780
816		1381		510982		1780
817		1381		510982		1780
818		1381		510982		1780
819		1381		510982		1780
820		1381		510982		1780
821		1381		510982		1780
822		1381		510982		1780
823		1381		510982		1780
824		1381		510982		1780
825		1381		510982		1780
826		1381		510982		1780
827		1381		510982		1780
828		1381		510982		1780
829		1381		510982		1780
830		1381		510982		1780
831		1381		510982		1780
832		1381		510982		1780
833		1381		510982		1780
834		1381		510982		1780
835		1381		510982		1780
836		1381		510982		1780
837		1381		510982		1780
838		1381		510982		1780
839		1381		510982		1780
840		1381		510982		1780
841		1381		510982		1780
842		1381		510982		1780
843		1381		510982		1780
844		1381		510982		1780
845		1381		510982		1780
846		1381		510982		1780
847		1381		510982		1780
848		1381		510982		1780
849		1381		510982		1780
850		1381		510982		1780
851		1381		510982		1780
852		1381		510982		1780
853		1381		510982		1780
854		1381		510982		1780
855		1381		510982		1780
856		1381		510982		1780
857		1381		510982		1780
858		1381		510982		1780
859		1381		510982		1780
860		1381		510982		1780
861		1381		510982		1780
862		1381		510982		1780
863		1381		510982		1780
864		1381		510982		1780
865		1381		510982		1780
866		1381		510982		1780
867		1381		510982		1780
868		1381		510982		1780
869		1381		510982		1780
870		1381		510982		1780
871		1381		510982		1780
872		1381		510982		1780
873		1381		510982		1780
874		1381		510982		1780
875		1381		510982		1780
876		1381		510982		1780
877		1381		510982		1780
878		1381		510982		1780
879		1381		510982		1780
880		1381		510982		1780
881		1381		510982		1780
882		1381		510982		1780
883		1381		510982		1780
884		1381		510982		1780
885		1381		510982		1780
886		1381		510982		1780
887		1381		510982		1780
888		1381		510982		1780
889		1381		510982		1780
890		1381		510982		1780
891		1381		510982		1780
892		1381		510982		1780
893		1381		510982		1780
894		1381		510982		1780
895		1381		510982		1780
896		1381		510982		1780
897		1381		510982		1780
898		1381		510982		1780
899		1381		510982		1780
900		1381		510982		1780
901		1381		510982		1780
902		1381		510982		1780
903		1381		510982		1780
904		1381		510982		1780
905		1381		510982		1780
906		1381		510982		1780
907		1381		510982		1780
908		1381		510982		1780
909		1381		510982		1780
910		1381		510982		1780
911		1381		510982		1780
912		1381		510982		1780
913		1381		510982		1780
914		1381		510982		1780
915		1381		510982		1780
916		1381		510982		1780
917		1381		510982		1780
918		1381		510982		1780
919		1381		510982		1780
920		1381		510982		1780
921		1381		510982		1780
922		1381		510982		1780
923		1381		510982		1780
924		1381		510982		1780
925		1381		510982		1780
926		1381		510982		1780
927		1381		510982		1780
928		1381		510982		1780
929		1381		510982		1780
930		1381		510982		1780
931		1381		510982		1780
932		1381		510982		1780
933		1381		510982		1780
934		1381		510982		1780
935		1381		510982		1780
936		1381		510982		1780
937		1381		510982		1780
938		1381		510982		1780
939		1381		510982		1780
940		1381		510982		1780
941		1381		510982		1780
942		1381		510982		1780
943		1381		510982		1780
944		1381		510982		1780
945		1381		510982		1780
946		1381		510982		1780
947		1381		510982		1780
948		1381		510982		1780
949		1381		510982		1780
950		1381		510982		1780
951		1381		510982		1780
952		1381		510982		1780
953		1381		510982		1780
954		1381		510982		1780
955		1381		510982		1780
956		1381		510982		1780
957		1381		510982		1780
958		1381		510982		1780
959		1381		510982		1780
960		1381		510982		1780
961		1381		510982		1780
962		1381		510982		1780
963		1381		510982		1780
964		1381		510982		1780
965		1381		510982		1780
966		1381		510982		1780
967		1381		510982		1780
968		1381		510982		1780
969		1381		510982		1780
970		1381		510982		1780
971		1381		510982		1780
972		1381		510982		1780
973		1381		510982		1780
974		1381		510982		1780
975		1381		510982		1780
976		1381		510982		1780
977		1381		510982		1780
978		1381		510982		1780
979		1381		510982		1780
980		1381		510982		1780
981		1381		510982		1780
982		1381		510982		1780
983		1381		510982		1780
984		1381		510982		1780
985		1381		510982		1780
986		1381		510982		1780
987		1381		510982		1780
988		1381		510982		1780
989		1381		510982		1780
990		1381		510982		1780
991		1381		510982		1780
992		1381		510982		1780
993		1381		510982		1780
994		1381		510982		1780
995		1381		510982		1780
996		1381		510982		1780
997		1381		510982		1780
998		1381		510982		1780
999		1381		510982		1780
1000		1381		510982		1780
1001		1381		510982		1780
1002		1381		510982		1780
1003		1381		510982		1780
1004		1381		510982		1780
1005		1381		510982		1780
1006		1381		510982		1780
1007		1381		510982		1780
1008		1381		510982		1780
1009		1381		510982		1780
1010		1381		510982		1780
1011		1381		510982		1780
1012		1381		510982		1780
1013		1381		510982		1780
1014		1381		510982		1780
1015		1381		510982		1780
1016		1381		510982		1780
1017		1381		510982		1780
1018		1381		510982		1780
1019		1381		510982		1780
1020		1381		510982		1780
1021		1381		510982		1780
1022		1381		510982		1780
1023		1381		510982		1780
1024		1381		510982		1780
1025		1381		510982		1780
1026		1381		510982		1780
1027		1381		510982		1780
1028		1381		510982		1780
1029		1381		510982		1780
