# Migration is number of nodes that have changed color.

Round		Edge-Cut		Swaps		Migrations		Skipped
0		3570		2351		1580
1		2927		4627		1744
2		2796		6851		1766
3		2635		9045		1796
4		2545		11239		1778
5		2557		13416		1761
6		2443		15610		1768
7		2442		17752		1757
8		2381		19936		1783
9		2366		22105		1769
10		2366		24257		1796
11		2324		26392		1816
12		2346		28529		1795
13		2233		30693		1787
14		2241		32844		1801
15		2300		34981		1782
16		2335		37152		1803
17		2290		39326		1817
18		2215		41500		1802
19		2203		43647		1818
20		2170		45774		1806
21		2101		47915		1777
22		2128		50043		1775
23		2093		52162		1783
24		2048		54280		1797
25		2028		56435		1778
26		1987		58530		1782
27		2032		60631		1797
28		1996		62770		1790
29		1973		64897		1807
30		1922		67034		1791
31		1935		69161		1773
32		1911		71260		1776
33		1866		73375		1787
34		1868		75498		1787
35		1934		77643		1802
36		1880		79746		1789
37		1877		81819		1784
38		1888		83925		1801
39		1827		86019		1790
40		1858		88125		1807
41		1868		90221		1804
42		1881		92301		1803
43		1837		94427		1803
44		1808		96540		1798
45		1810		98616		1798
46		1838		100686		1795
47		1854		102773		1801
48		1852		104865		1781
49		1836		106938		1775
50		1837		109031		1810
51		1771		111118		1798
52		1798		113197		1788
53		1810		115266		1780
54		1864		117360		1818
55		1866		119454		1804
56		1861		121573		1814
57		1866		123678		1790
58		1851		125784		1811
59		1900		127888		1764
60		1859		129969		1801
61		1811		132042		1807
62		1782		134118		1788
63		1829		136170		1781
64		1832		138294		1798
65		1801		140408		1807
66		1823		142494		1811
67		1857		144603		1827
68		1826		146718		1812
69		1807		148799		1798
70		1819		150903		1812
71		1828		152986		1797
72		1850		155087		1784
73		1826		157179		1792
74		1805		159255		1806
75		1850		161359		1801
76		1837		163457		1801
77		1876		165544		1793
78		1866		167636		1814
79		1898		169774		1803
80		1866		171862		1800
81		1814		173980		1816
82		1817		176078		1794
83		1822		178183		1818
84		1802		180251		1814
85		1810		182366		1789
86		1798		184475		1790
87		1793		186538		1786
88		1787		188589		1791
89		1831		190680		1809
90		1814		192790		1797
91		1830		194863		1798
92		1807		196979		1818
93		1796		199076		1805
94		1840		201172		1796
95		1868		203269		1805
96		1822		205397		1808
97		1837		207491		1805
98		1831		209616		1826
99		1854		211721		1822
100		1853		213831		1807
101		1857		215940		1813
102		1769		218028		1825
103		1783		220134		1819
104		1792		222227		1800
105		1792		224299		1808
106		1842		226393		1800
107		1839		228488		1809
108		1783		230586		1793
109		1859		232670		1837
110		1840		234764		1801
111		1857		236854		1800
112		1844		238974		1804
113		1826		241082		1799
114		1823		243138		1792
115		1876		245227		1785
116		1872		247328		1789
117		1861		249419		1805
118		1880		251517		1797
119		1815		253604		1803
120		1854		255674		1795
121		1803		257766		1792
122		1782		259849		1773
123		1808		261943		1761
124		1866		264023		1765
125		1807		266100		1783
126		1786		268184		1783
127		1835		270273		1780
128		1791		272342		1787
129		1821		274429		1811
130		1812		276513		1808
131		1780		278609		1803
132		1838		280731		1818
133		1787		282821		1818
134		1756		284916		1803
135		1771		287008		1811
136		1784		289094		1808
137		1794		291165		1814
138		1768		293244		1784
139		1786		295347		1799
140		1845		297428		1796
141		1803		299502		1819
142		1878		301591		1796
143		1804		303701		1793
144		1767		305770		1799
145		1795		307860		1810
146		1797		309942		1810
147		1799		312020		1787
148		1861		314134		1799
149		1805		316215		1780
150		1822		318315		1794
151		1792		320407		1794
152		1802		322495		1793
153		1852		324590		1797
154		1866		326702		1802
155		1815		328810		1790
156		1793		330896		1783
157		1830		333007		1798
158		1816		335068		1795
159		1841		337173		1795
160		1809		339248		1782
161		1849		341321		1806
162		1861		343402		1818
163		1830		345520		1816
164		1825		347625		1810
165		1830		349722		1810
166		1810		351791		1805
167		1830		353861		1807
168		1839		355944		1812
169		1811		358055		1810
170		1803		360135		1831
171		1803		362194		1800
172		1800		364296		1784
173		1814		366359		1801
174		1811		368420		1814
175		1806		370521		1793
176		1826		372601		1803
177		1832		374677		1801
178		1833		376796		1818
179		1878		378877		1830
180		1856		380997		1806
181		1855		383079		1801
182		1816		385187		1798
183		1787		387273		1794
184		1806		389322		1814
185		1794		391432		1807
186		1828		393525		1785
187		1823		395645		1797
188		1823		397748		1813
189		1826		399849		1812
190		1828		401931		1800
191		1834		404020		1803
192		1862		406091		1815
193		1861		408181		1810
194		1864		410285		1818
195		1871		412386		1805
196		1872		414485		1789
197		1864		416593		1800
198		1817		418688		1789
199		1830		420788		1803
200		1780		422849		1805
201		1791		424914		1801
202		1816		427020		1780
203		1794		429120		1791
204		1807		431209		1798
205		1803		433313		1803
206		1779		435393		1805
207		1785		437486		1799
208		1787		439551		1796
209		1772		441633		1784
210		1771		443713		1796
211		1757		445827		1830
212		1767		447937		1816
213		1794		450026		1816
214		1774		452129		1809
215		1761		454213		1794
216		1809		456296		1802
217		1813		458402		1799
218		1760		460475		1791
219		1785		462529		1787
220		1764		464609		1799
221		1781		466691		1778
222		1788		468745		1774
223		1783		470837		1793
224		1790		472919		1797
225		1799		474995		1784
226		1793		477076		1803
227		1772		479115		1788
228		1782		481207		1807
229		1787		483298		1813
230		1770		485374		1807
231		1782		487485		1788
232		1770		489594		1777
233		1843		491695		1789
234		1865		493765		1779
235		1822		495846		1776
236		1813		497934		1782
237		1810		500042		1798
238		1793		502135		1792
239		1804		504235		1792
240		1826		506314		1785
241		1819		508400		1797
242		1786		510494		1803
243		1753		512579		1802
244		1729		514700		1786
245		1759		516753		1790
246		1769		518845		1785
247		1741		520901		1800
248		1754		522950		1781
249		1775		525047		1789
250		1740		527142		1805
251		1751		529226		1792
252		1748		531323		1804
253		1756		533412		1796
254		1743		535478		1802
255		1765		537569		1806
256		1735		539650		1819
257		1760		541727		1806
258		1753		543783		1794
259		1766		545855		1809
260		1770		547911		1802
261		1742		549972		1781
262		1735		552018		1790
263		1724		554068		1803
264		1759		556106		1797
265		1754		558177		1805
266		1734		560238		1809
267		1733		562309		1804
268		1712		564357		1804
269		1749		566445		1800
270		1767		568526		1789
271		1736		570621		1812
272		1749		572707		1788
273		1678		574795		1800
274		1692		576876		1787
275		1673		578953		1817
276		1664		581007		1790
277		1693		583072		1784
278		1686		585140		1771
279		1687		587199		1785
280		1719		589266		1790
281		1741		591344		1795
282		1713		593431		1781
283		1731		595512		1777
284		1735		597590		1791
285		1722		599684		1793
286		1739		601757		1787
287		1712		603838		1781
288		1738		605948		1783
289		1713		608045		1784
290		1709		610120		1779
291		1750		612187		1788
292		1726		614254		1774
293		1753		616335		1802
294		1765		618424		1806
295		1745		620511		1784
296		1754		622593		1790
297		1768		624660		1778
298		1757		626735		1801
299		1750		628816		1796
300		1762		630883		1810
301		1727		632959		1804
302		1724		635032		1786
303		1740		637099		1784
304		1708		639149		1804
305		1694		641245		1792
306		1744		643312		1791
307		1736		645396		1802
308		1744		647487		1793
309		1727		649593		1801
310		1763		651652		1804
311		1767		653747		1814
312		1742		655854		1794
313		1745		657939		1792
314		1757		659993		1778
315		1778		662073		1797
316		1765		664157		1784
317		1765		666226		1783
318		1761		668321		1795
319		1758		670404		1784
320		1751		672500		1788
321		1739		674609		1799
322		1761		676674		1803
323		1745		678748		1800
324		1756		680801		1810
325		1766		682887		1803
326		1736		684975		1803
327		1711		687036		1809
328		1697		689126		1827
329		1701		691176		1818
330		1715		693272		1802
331		1725		695343		1808
332		1721		697416		1810
333		1720		699494		1812
334		1742		701583		1803
335		1751		703665		1780
336		1704		705753		1780
337		1691		707823		1778
338		1692		709895		1779
339		1696		711964		1778
340		1689		714016		1770
341		1702		716072		1773
342		1688		718144		1772
343		1680		720204		1776
344		1676		722269		1775
345		1699		724360		1790
346		1707		726410		1797
347		1704		728468		1782
348		1698		730523		1815
349		1689		732582		1800
350		1741		734659		1809
351		1726		736698		1803
352		1734		738787		1798
353		1726		740879		1788
354		1758		742953		1810
355		1733		745058		1774
356		1715		747109		1764
357		1723		749181		1771
358		1697		751222		1785
359		1719		753246		1779
360		1714		755298		1782
361		1710		757361		1803
362		1695		759427		1802
363		1702		761504		1796
364		1713		763569		1809
365		1700		765629		1802
366		1748		767709		1793
367		1713		769806		1781
368		1732		771886		1787
369		1691		773944		1786
370		1727		776022		1784
371		1711		778071		1789
372		1697		780112		1789
373		1703		782193		1787
374		1697		784254		1776
375		1696		786350		1760
376		1662		788396		1794
377		1682		790458		1800
378		1687		792533		1789
379		1690		794599		1800
380		1689		796660		1787
381		1704		798713		1799
382		1697		800805		1774
383		1709		802843		1792
384		1734		804904		1790
385		1703		806971		1803
386		1676		809047		1787
387		1648		811107		1802
388		1677		813155		1797
389		1700		815230		1795
390		1668		817303		1795
391		1684		819361		1804
392		1686		821408		1818
393		1677		823447		1797
394		1670		825541		1802
395		1683		827578		1803
396		1679		829630		1806
397		1662		831728		1793
398		1689		833806		1769
399		1724		835888		1770
400		1716		837938		1772
401		1687		839986		1781
402		1702		842055		1776
403		1708		844138		1769
404		1710		846197		1772
405		1699		848270		1798
406		1696		850323		1808
407		1706		852380		1809
408		1711		854475		1802
409		1706		856568		1797
410		1703		858635		1792
411		1690		860701		1788
412		1692		862752		1780
413		1693		864824		1779
414		1677		866889		1787
415		1672		868977		1796
416		1663		871015		1792
417		1676		873069		1788
418		1670		875162		1805
419		1664		877242		1794
420		1679		879297		1795
421		1667		881379		1776
422		1637		883443		1773
423		1652		885509		1786
424		1625		887589		1774
425		1648		889683		1779
426		1675		891724		1780
427		1681		893770		1779
428		1680		895840		1807
429		1672		897861		1799
430		1693		899885		1815
431		1672		901951		1796
432		1679		903984		1787
433		1662		906066		1784
434		1657		908111		1783
435		1653		910167		1783
436		1656		912220		1787
437		1658		914277		1788
438		1655		916313		1802
439		1652		918365		1790
440		1651		920414		1793
441		1650		922444		1802
442		1647		924497		1800
443		1633		926549		1808
444		1621		928583		1814
445		1612		930614		1803
446		1635		932674		1797
447		1655		934742		1801
448		1631		936812		1809
449		1632		938860		1787
450		1623		940901		1794
451		1638		942936		1809
452		1644		944976		1797
453		1650		947014		1793
454		1682		949079		1800
455		1677		951139		1806
456		1684		953205		1791
457		1700		955289		1798
458		1694		957341		1793
459		1707		959430		1788
460		1719		961506		1796
461		1704		963564		1801
462		1677		965627		1805
463		1664		967680		1823
464		1668		969732		1808
465		1672		971794		1792
466		1646		973873		1802
467		1633		975926		1805
468		1641		977969		1787
469		1662		980023		1790
470		1645		982090		1793
471		1637		984173		1797
472		1661		986215		1805
473		1658		988284		1813
474		1670		990330		1827
475		1678		992363		1810
476		1671		994422		1810
477		1669		996493		1790
478		1646		998556		1792
479		1650		1000617		1788
480		1655		1002662		1804
481		1657		1004714		1813
482		1665		1006764		1794
483		1677		1008828		1815
484		1674		1010883		1802
485		1685		1012931		1785
486		1698		1015002		1803
487		1677		1017087		1813
488		1682		1019148		1806
489		1680		1021215		1813
490		1676		1023253		1797
491		1667		1025329		1803
492		1658		1027411		1794
493		1653		1029471		1785
494		1668		1031518		1778
495		1673		1033580		1811
496		1661		1035660		1796
497		1631		1037686		1797
498		1652		1039749		1784
499		1658		1041820		1787
500		1623		1043847		1791
501		1613		1045848		1796
502		1606		1047891		1801
503		1613		1049927		1806
504		1582		1051958		1812
505		1565		1053985		1800
506		1563		1056024		1800
507		1564		1058008		1797
508		1557		1060012		1794
509		1556		1061997		1793
510		1582		1064007		1798
511		1581		1066023		1804
512		1550		1068045		1812
513		1551		1070026		1796
514		1554		1072034		1786
515		1550		1074045		1788
516		1528		1076054		1793
517		1514		1078047		1787
518		1521		1080081		1785
519		1502		1082085		1787
520		1485		1084089		1789
521		1495		1086080		1786
522		1499		1088086		1788
523		1492		1090063		1801
524		1494		1092055		1805
525		1499		1094068		1808
526		1493		1096077		1814
527		1519		1098072		1812
528		1518		1100061		1812
529		1528		1102055		1806
530		1530		1104040		1808
531		1513		1106052		1815
532		1531		1108059		1817
533		1535		1110067		1810
534		1517		1112094		1810
535		1507		1114096		1808
536		1510		1116098		1795
537		1516		1118097		1806
538		1475		1120092		1790
539		1483		1122082		1802
540		1492		1124062		1798
541		1502		1126060		1791
542		1488		1128034		1790
543		1501		1130032		1787
544		1501		1132046		1794
545		1499		1134030		1793
546		1496		1136053		1789
547		1510		1138038		1792
548		1517		1140050		1793
549		1528		1142072		1792
550		1550		1144060		1787
551		1540		1146100		1796
552		1524		1148094		1793
553		1506		1150127		1797
554		1505		1152154		1798
555		1518		1154150		1797
556		1510		1156156		1799
557		1506		1158181		1814
558		1507		1160190		1805
559		1498		1162201		1797
560		1479		1164231		1795
561		1491		1166237		1796
562		1505		1168244		1797
563		1503		1170204		1800
564		1499		1172208		1800
565		1492		1174206		1787
566		1490		1176209		1789
567		1474		1178220		1793
568		1483		1180224		1792
569		1481		1182204		1787
570		1473		1184172		1786
571		1484		1186191		1790
572		1487		1188180		1776
573		1486		1190193		1787
574		1478		1192202		1794
575		1486		1194189		1805
576		1475		1196192		1806
577		1470		1198183		1795
578		1463		1200156		1797
579		1465		1202142		1787
580		1479		1204145		1799
581		1492		1206153		1792
582		1504		1208177		1807
583		1512		1210170		1806
584		1504		1212183		1801
585		1493		1214184		1808
586		1497		1216194		1805
587		1486		1218198		1800
588		1483		1220185		1795
589		1485		1222187		1797
590		1492		1224151		1809
591		1474		1226121		1805
592		1479		1228099		1806
593		1477		1230057		1808
594		1471		1232053		1804
595		1488		1234065		1803
596		1480		1236072		1817
597		1476		1238047		1813
598		1479		1240086		1806
599		1486		1242093		1804
600		1479		1244089		1800
601		1472		1246090		1807
602		1465		1248119		1811
603		1471		1250129		1805
604		1470		1252095		1802
605		1468		1254113		1806
606		1476		1256119		1795
607		1475		1258117		1793
608		1473		1260117		1792
609		1474		1262113		1790
610		1463		1264120		1792
611		1481		1266135		1795
612		1476		1268144		1794
613		1472		1270157		1805
614		1468		1272110		1816
615		1480		1274089		1816
616		1488		1276085		1806
617		1468		1278068		1801
618		1458		1280071		1804
619		1462		1282065		1796
620		1468		1284048		1801
621		1455		1286076		1804
622		1463		1288071		1817
623		1457		1290051		1813
624		1448		1292076		1807
625		1452		1294070		1799
626		1456		1296071		1798
627		1456		1298079		1795
628		1456		1300070		1786
629		1454		1302065		1783
630		1446		1304064		1791
631		1447		1306065		1797
632		1439		1308053		1793
633		1438		1310022		1795
634		1449		1312033		1788
635		1444		1314021		1787
636		1439		1316041		1792
637		1454		1318017		1796
638		1445		1320012		1800
639		1440		1322011		1794
640		1444		1324018		1783
641		1452		1325981		1787
642		1454		1327997		1782
643		1448		1329983		1792
644		1450		1331978		1788
645		1457		1333990		1804
646		1454		1335971		1785
647		1467		1337970		1778
648		1471		1339970		1788
649		1461		1341999		1786
650		1446		1343989		1790
651		1445		1345975		1798
652		1449		1347926		1802
653		1443		1349919		1793
654		1437		1351924		1794
655		1440		1353890		1787
656		1439		1355891		1791
657		1448		1357891		1792
658		1443		1359885		1794
659		1438		1361862		1803
660		1440		1363824		1806
661		1440		1365872		1805
662		1440		1367836		1805
663		1438		1369853		1797
664		1437		1371842		1792
665		1444		1373826		1796
666		1444		1375804		1802
667		1438		1377794		1797
668		1433		1379748		1796
669		1432		1381732		1792
670		1433		1383737		1796
671		1434		1385720		1792
672		1429		1387703		1798
673		1423		1389698		1798
674		1422		1391729		1797
675		1420		1393717		1791
676		1419		1395702		1788
677		1417		1397701		1792
678		1417		1399710		1788
679		1417		1401707		1791
680		1417		1403661		1790
681		1418		1405645		1790
682		1410		1407611		1792
683		1412		1409592		1785
684		1418		1411595		1786
685		1416		1413599		1782
686		1412		1415589		1782
687		1407		1417562		1787
688		1408		1419562		1792
689		1405		1421553		1792
690		1401		1423519		1794
691		1400		1425526		1792
692		1399		1427508		1792
693		1395		1429496		1794
694		1395		1431468		1794
695		1395		1433421		1788
696		1392		1435410		1791
697		1389		1437395		1783
698		1389		1439365		1782
699		1389		1441315		1783
700		1389		1443264		1782
701		1387		1445233		1784
702		1387		1447190		1783
703		1387		1449157		1785
704		1386		1451142		1786
705		1386		1453125		1780
706		1387		1455086		1779
707		1387		1457055		1775
708		1387		1459050		1778
709		1387		1461025		1779
710		1387		1463036		1780
711		1386		1465019		1779
712		1386		1467011		1784
713		1386		1468998		1783
714		1384		1470967		1784
715		1384		1472915		1786
716		1384		1474853		1783
717		1386		1476806		1779
718		1386		1478789		1778
719		1384		1480745		1779
720		1382		1482731		1781
721		1382		1484704		1783
722		1381		1486687		1782
723		1381		1488637		1781
724		1382		1490621		1781
725		1382		1492596		1780
726		1381		1494566		1782
727		1381		1496529		1781
728		1382		1498499		1781
729		1383		1500481		1785
730		1382		1502479		1785
731		1381		1504468		1785
732		1381		1506439		1783
733		1380		1508411		1782
734		1380		1510379		1780
735		1380		1512393		1779
736		1380		1514351		1780
737		1380		1516367		1782
738		1380		1518352		1781
739		1380		1520319		1780
740		1380		1522275		1779
741		1380		1524285		1777
742		1380		1526256		1775
743		1380		1528218		1776
744		1380		1530190		1776
745		1380		1532135		1775
746		1380		1534107		1777
747		1380		1536069		1778
748		1380		1538045		1779
749		1380		1540024		1779
750		1380		1541966		1780
751		1380		1543941		1782
752		1380		1545946		1782
753		1380		1547890		1782
754		1379		1549853		1783
755		1379		1551814		1783
756		1379		1553798		1781
757		1379		1555733		1775
758		1379		1557712		1774
759		1379		1559708		1771
760		1379		1561695		1775
761		1379		1563652		1777
762		1379		1565645		1775
763		1379		1567609		1774
764		1378		1569575		1773
765		1378		1571545		1774
766		1378		1573510		1775
767		1378		1575485		1774
768		1378		1577456		1771
769		1378		1579470		1774
770		1382		1581434		1775
771		1379		1583409		1776
772		1379		1585406		1776
773		1379		1587363		1775
774		1379		1589329		1774
775		1379		1591297		1775
776		1379		1593302		1775
777		1380		1595271		1774
778		1382		1597230		1773
779		1382		1599188		1773
780		1382		1601156		1776
781		1381		1603155		1776
782		1381		1605126		1775
783		1381		1607103		1774
784		1382		1609061		1774
785		1383		1611009		1778
786		1382		1612981		1777
787		1382		1614980		1778
788		1381		1616948		1778
789		1381		1618936		1779
790		1381		1620897		1778
791		1381		1622898		1779
792		1381		1624864		1780
793		1379		1626854		1781
794		1379		1628833		1782
795		1378		1630802		1780
796		1378		1632750		1780
797		1378		1634763		1784
798		1378		1636724		1781
799		1378		1638713		1780
800		1376		1640672		1781
801		1375		1642616		1780
802		1375		1644626		1782
803		1375		1646555		1782
804		1375		1648517		1782
805		1375		1650470		1778
806		1375		1652431		1780
807		1375		1654407		1780
808		1375		1656377		1782
809		1374		1658336		1784
810		1374		1660292		1785
811		1374		1662247		1785
812		1374		1664219		1789
813		1374		1666190		1788
814		1374		1668143		1787
815		1374		1670138		1784
816		1374		1672119		1786
817		1374		1674078		1788
818		1374		1676046		1788
819		1374		1678003		1789
820		1374		1679985		1788
821		1374		1681965		1789
822		1374		1683945		1789
823		1374		1685882		1788
824		1374		1687874		1790
825		1374		1689834		1790
826		1374		1691814		1789
827		1374		1693778		1790
828		1374		1695751		1791
829		1374		1697698		1790
830		1374		1699684		1791
831		1374		1701659		1793
832		1374		1703616		1794
833		1374		1705601		1792
834		1374		1707569		1789
835		1374		1709569		1789
836		1374		1711531		1791
837		1374		1713518		1791
838		1374		1715486		1795
839		1374		1717439		1795
840		1374		1719403		1795
841		1374		1721367		1797
842		1374		1723332		1796
843		1374		1725285		1792
844		1374		1727243		1795
845		1374		1729174		1796
846		1374		1731118		1798
847		1374		1733096		1800
848		1373		1735096		1798
849		1373		1737061		1797
850		1373		1739043		1800
851		1373		1741043		1800
852		1372		1743029		1799
853		1372		1745016		1800
854		1372		1747032		1800
855		1372		1749007		1801
856		1372		1750987		1798
857		1372		1752963		1799
858		1372		1754923		1797
859		1372		1756888		1796
860		1372		1758837		1796
861		1372		1760810		1795
862		1372		1762824		1796
863		1372		1764795		1797
864		1374		1766798		1797
865		1374		1768780		1798
866		1373		1770742		1797
867		1373		1772697		1797
868		1373		1774652		1799
869		1373		1776618		1796
870		1373		1778592		1798
871		1373		1780537		1799
872		1373		1782471		1799
873		1373		1784446		1799
874		1373		1786437		1800
875		1373		1788383		1800
876		1372		1790344		1799
877		1372		1792354		1798
878		1372		1794337		1796
879		1372		1796301		1796
880		1372		1798295		1795
881		1372		1800276		1794
882		1372		1802271		1793
883		1372		1804253		1794
884		1372		1806247		1792
885		1372		1808243		1792
886		1371		1810220		1792
887		1371		1812171		1792
888		1371		1814160		1795
889		1371		1816158		1794
890		1371		1818146		1792
891		1371		1820107		1792
892		1371		1822080		1793
893		1371		1824086		1793
894		1371		1826060		1793
895		1371		1828017		1794
896		1371		1829967		1794
897		1371		1831936		1794
898		1371		1833921		1792
899		1371		1835914		1792
900		1371		1837856		1794
901		1371		1839814		1798
902		1371		1841811		1799
903		1371		1843799		1797
904		1371		1845769		1795
905		1371		1847756		1794
906		1371		1849700		1795
907		1371		1851658		1794
908		1371		1853652		1794
909		1371		1855589		1791
910		1371		1857583		1790
911		1371		1859553		1792
912		1371		1861497		1792
913		1371		1863492		1791
914		1371		1865432		1789
915		1371		1867406		1788
916		1371		1869369		1791
917		1371		1871321		1792
918		1371		1873297		1796
919		1371		1875262		1795
920		1371		1877213		1796
921		1371		1879176		1796
922		1371		1881140		1796
923		1371		1883118		1794
924		1371		1885093		1793
925		1371		1887059		1794
926		1371		1889027		1794
927		1370		1890977		1795
928		1370		1892921		1795
929		1370		1894913		1795
930		1370		1896919		1796
931		1370		1898901		1796
932		1369		1900841		1795
933		1369		1902809		1795
934		1369		1904794		1796
935		1369		1906788		1794
936		1369		1908768		1794
937		1369		1910734		1794
938		1369		1912717		1794
939		1369		1914643		1794
940		1369		1916645		1793
941		1369		1918619		1792
942		1369		1920580		1792
943		1369		1922551		1792
944		1369		1924547		1793
945		1369		1926509		1790
946		1369		1928478		1792
947		1369		1930437		1792
948		1369		1932418		1792
949		1369		1934392		1792
950		1369		1936353		1792
951		1369		1938350		1792
952		1369		1940334		1793
953		1369		1942322		1793
954		1369		1944267		1795
955		1369		1946256		1794
956		1369		1948237		1794
957		1369		1950201		1794
958		1369		1952161		1793
959		1369		1954130		1793
960		1369		1956099		1793
961		1369		1958106		1795
962		1369		1960090		1795
963		1369		1962044		1795
964		1369		1964043		1793
965		1369		1966048		1794
966		1369		1968014		1796
967		1369		1969956		1796
968		1369		1971941		1796
969		1369		1973912		1796
970		1369		1975870		1795
971		1369		1977855		1795
972		1369		1979839		1795
973		1369		1981834		1793
974		1369		1983809		1792
975		1369		1985777		1791
976		1369		1987699		1790
977		1369		1989660		1790
978		1369		1991631		1789
979		1369		1993598		1788
980		1369		1995531		1788
981		1369		1997482		1788
982		1369		1999444		1788
983		1369		2001425		1788
984		1369		2003416		1788
985		1369		2005383		1788
986		1369		2007335		1788
987		1369		2009329		1788
988		1369		2011302		1788
989		1369		2013240		1787
990		1369		2015194		1789
991		1369		2017182		1789
992		1369		2019143		1788
993		1369		2021113		1788
994		1369		2023069		1788
995		1369		2025043		1786
996		1369		2027053		1786
997		1369		2029030		1786
998		1369		2030978		1786
999		1369		2032963		1787
1000		1369		2032963		1787
1001		1369		2032963		1787
1002		1369		2032963		1787
1003		1369		2032963		1787
1004		1369		2032963		1787
1005		1369		2032963		1787
1006		1369		2032963		1787
1007		1369		2032963		1787
1008		1369		2032963		1787
1009		1369		2032963		1787
1010		1369		2032963		1787
1011		1369		2032963		1787
1012		1369		2032963		1787
1013		1369		2032963		1787
1014		1369		2032963		1787
1015		1369		2032963		1787
1016		1369		2032963		1787
1017		1369		2032963		1787
1018		1369		2032963		1787
1019		1368		2032964		1789
1020		1368		2032964		1789
1021		1368		2032964		1789
1022		1368		2032964		1789
1023		1368		2032964		1789
1024		1368		2032964		1789
1025		1368		2032964		1789
1026		1368		2032964		1789
1027		1368		2032964		1789
1028		1368		2032964		1789
1029		1368		2032964		1789
