# Migration is number of nodes that have changed color.

Round		Edge-Cut		Swaps		Migrations		Skipped
0		4696		2203		1883
1		4826		4427		1774
2		4827		6609		1796
3		4664		8779		1828
4		4637		10933		1790
5		4783		13044		1777
6		4785		15164		1823
7		4721		17244		1806
8		4619		19263		1778
9		4668		21278		1797
10		4456		23213		1773
11		4625		25150		1751
12		4461		27053		1810
13		4378		28875		1794
14		4222		30591		1768
15		4143		32255		1793
16		3265		33722		1773
17		3352		34973		1819
18		2891		36022		1829
19		2602		36833		1825
20		2589		37597		1812
21		2489		38156		1823
22		2471		38650		1799
23		2351		39034		1830
24		2290		39348		1827
25		2098		39579		1820
26		2019		39716		1821
27		1984		39818		1830
28		1945		39884		1827
29		1929		39922		1817
30		1906		39962		1820
31		1878		39986		1818
32		1873		40004		1821
33		1869		40014		1819
34		1857		40025		1813
35		1855		40028		1811
36		1851		40036		1811
37		1848		40039		1812
38		1848		40039		1812
39		1844		40042		1814
40		1844		40046		1811
41		1842		40048		1812
42		1839		40051		1812
43		1833		40056		1813
44		1828		40062		1815
45		1828		40062		1815
46		1828		40062		1815
47		1828		40062		1815
48		1828		40062		1815
49		1827		40063		1815
50		1826		40066		1815
51		1826		40066		1815
52		1826		40066		1815
53		1825		40067		1815
54		1825		40067		1815
55		1825		40067		1815
56		1824		40068		1813
57		1824		40068		1813
58		1824		40068		1813
59		1824		40068		1813
60		1824		40068		1813
61		1823		40069		1815
62		1821		40071		1814
63		1819		40073		1814
64		1819		40073		1814
65		1819		40073		1814
66		1819		40073		1814
67		1819		40073		1814
68		1819		40073		1814
69		1819		40073		1814
70		1819		40073		1814
71		1819		40073		1814
72		1819		40073		1814
73		1819		40073		1814
74		1819		40073		1814
75		1819		40073		1814
76		1819		40073		1814
77		1819		40073		1814
78		1819		40075		1813
79		1818		40076		1812
80		1818		40076		1812
81		1818		40076		1812
82		1817		40077		1812
83		1817		40077		1812
84		1817		40077		1812
85		1817		40077		1812
86		1817		40077		1812
87		1817		40077		1812
88		1817		40077		1812
89		1817		40077		1812
90		1817		40077		1812
91		1817		40077		1812
92		1817		40077		1812
93		1817		40077		1812
94		1817		40077		1812
95		1817		40077		1812
96		1817		40077		1812
97		1817		40077		1812
98		1817		40077		1812
99		1817		40077		1812
100		1817		40077		1812
101		1816		40078		1814
102		1816		40078		1814
103		1816		40078		1814
104		1816		40078		1814
105		1816		40078		1814
106		1816		40078		1814
107		1815		40079		1815
108		1815		40079		1815
109		1815		40079		1815
110		1815		40079		1815
111		1815		40079		1815
112		1815		40079		1815
113		1815		40079		1815
114		1815		40079		1815
115		1815		40079		1815
116		1816		40080		1813
117		1815		40081		1814
118		1815		40081		1814
119		1815		40081		1814
120		1815		40081		1814
121		1815		40081		1814
122		1815		40081		1814
123		1815		40081		1814
124		1815		40081		1814
125		1815		40081		1814
126		1815		40081		1814
127		1815		40081		1814
128		1814		40082		1813
129		1814		40082		1813
130		1814		40082		1813
131		1814		40082		1813
132		1814		40082		1813
133		1814		40082		1813
134		1814		40082		1813
135		1814		40082		1813
136		1814		40082		1813
137		1814		40082		1813
138		1814		40082		1813
139		1814		40082		1813
140		1814		40082		1813
141		1814		40082		1813
142		1814		40082		1813
143		1814		40082		1813
144		1813		40083		1813
145		1813		40083		1813
146		1813		40083		1813
147		1813		40083		1813
148		1813		40083		1813
149		1813		40083		1813
150		1813		40083		1813
151		1813		40083		1813
152		1813		40083		1813
153		1813		40083		1813
154		1813		40083		1813
155		1813		40083		1813
156		1813		40083		1813
157		1813		40083		1813
158		1813		40083		1813
159		1813		40083		1813
160		1813		40083		1813
161		1813		40083		1813
162		1813		40083		1813
163		1813		40083		1813
164		1813		40083		1813
165		1813		40083		1813
166		1813		40083		1813
167		1813		40083		1813
168		1813		40083		1813
169		1813		40083		1813
170		1813		40083		1813
171		1813		40083		1813
172		1813		40083		1813
173		1813		40083		1813
174		1813		40083		1813
175		1813		40083		1813
176		1813		40083		1813
177		1813		40083		1813
178		1813		40083		1813
179		1813		40083		1813
180		1813		40083		1813
181		1813		40083		1813
182		1813		40083		1813
183		1813		40083		1813
184		1813		40083		1813
185		1813		40083		1813
186		1813		40083		1813
187		1813		40083		1813
188		1813		40083		1813
189		1813		40083		1813
190		1813		40083		1813
191		1813		40083		1813
192		1813		40083		1813
193		1813		40083		1813
194		1813		40083		1813
195		1813		40083		1813
196		1813		40083		1813
197		1813		40083		1813
198		1813		40083		1813
199		1813		40083		1813
200		1813		40083		1813
201		1813		40083		1813
202		1813		40083		1813
203		1813		40083		1813
204		1813		40083		1813
205		1813		40083		1813
206		1813		40083		1813
207		1813		40083		1813
208		1813		40083		1813
209		1813		40083		1813
210		1813		40083		1813
211		1813		40083		1813
212		1813		40083		1813
213		1813		40083		1813
214		1813		40083		1813
215		1813		40083		1813
216		1813		40083		1813
217		1813		40083		1813
218		1813		40083		1813
219		1813		40083		1813
220		1813		40083		1813
221		1813		40083		1813
222		1813		40083		1813
223		1813		40083		1813
224		1813		40083		1813
225		1813		40083		1813
226		1813		40083		1813
227		1813		40083		1813
228		1813		40083		1813
229		1813		40083		1813
230		1813		40083		1813
231		1813		40083		1813
232		1813		40083		1813
233		1813		40083		1813
234		1813		40083		1813
235		1813		40083		1813
236		1813		40083		1813
237		1813		40083		1813
238		1813		40083		1813
239		1813		40083		1813
240		1813		40083		1813
241		1813		40083		1813
242		1813		40083		1813
243		1813		40083		1813
244		1813		40083		1813
245		1813		40083		1813
246		1813		40083		1813
247		1813		40083		1813
248		1813		40083		1813
249		1813		40083		1813
250		1813		40083		1813
251		1813		40083		1813
252		1813		40083		1813
253		1813		40083		1813
254		1813		40083		1813
255		1813		40083		1813
256		1813		40083		1813
257		1813		40083		1813
258		1813		40083		1813
259		1813		40083		1813
260		1813		40083		1813
261		1813		40083		1813
262		1813		40083		1813
263		1813		40083		1813
264		1813		40083		1813
265		1813		40083		1813
266		1813		40083		1813
267		1813		40083		1813
268		1813		40083		1813
269		1813		40083		1813
270		1813		40083		1813
271		1813		40083		1813
272		1813		40083		1813
273		1813		40083		1813
274		1813		40083		1813
275		1813		40083		1813
276		1813		40083		1813
277		1813		40083		1813
278		1813		40083		1813
279		1813		40083		1813
280		1814		40084		1812
281		1813		40085		1812
282		1813		40085		1812
283		1813		40085		1812
284		1813		40085		1812
285		1813		40085		1812
286		1813		40085		1812
287		1813		40085		1812
288		1813		40085		1812
289		1813		40085		1812
290		1813		40085		1812
291		1813		40085		1812
292		1813		40085		1812
293		1813		40085		1812
294		1813		40085		1812
295		1813		40085		1812
296		1813		40085		1812
297		1813		40085		1812
298		1813		40085		1812
299		1813		40085		1812
300		1813		40085		1812
301		1813		40085		1812
302		1813		40085		1812
303		1813		40085		1812
304		1813		40085		1812
305		1813		40085		1812
306		1813		40085		1812
307		1813		40085		1812
308		1813		40085		1812
309		1813		40085		1812
310		1813		40085		1812
311		1813		40085		1812
312		1813		40085		1812
313		1813		40085		1812
314		1813		40085		1812
315		1813		40085		1812
316		1813		40085		1812
317		1813		40085		1812
318		1813		40085		1812
319		1813		40085		1812
320		1813		40085		1812
321		1813		40085		1812
322		1813		40085		1812
323		1813		40085		1812
324		1813		40085		1812
325		1813		40085		1812
326		1813		40085		1812
327		1813		40085		1812
328		1813		40085		1812
329		1813		40085		1812
330		1813		40085		1812
331		1813		40085		1812
332		1813		40085		1812
333		1813		40085		1812
334		1813		40085		1812
335		1813		40085		1812
336		1813		40085		1812
337		1813		40085		1812
338		1813		40085		1812
339		1813		40085		1812
340		1813		40085		1812
341		1813		40085		1812
342		1813		40085		1812
343		1813		40085		1812
344		1813		40085		1812
345		1813		40085		1812
346		1813		40085		1812
347		1813		40085		1812
348		1813		40085		1812
349		1813		40085		1812
350		1813		40085		1812
351		1813		40085		1812
352		1813		40085		1812
353		1813		40085		1812
354		1813		40085		1812
355		1813		40085		1812
356		1813		40085		1812
357		1813		40085		1812
358		1813		40085		1812
359		1813		40085		1812
360		1813		40085		1812
361		1813		40085		1812
362		1813		40085		1812
363		1813		40085		1812
364		1813		40085		1812
365		1813		40085		1812
366		1813		40085		1812
367		1813		40085		1812
368		1813		40085		1812
369		1813		40085		1812
370		1813		40085		1812
371		1813		40085		1812
372		1813		40085		1812
373		1813		40085		1812
374		1813		40085		1812
375		1813		40085		1812
376		1813		40085		1812
377		1813		40085		1812
378		1813		40085		1812
379		1813		40085		1812
380		1813		40085		1812
381		1813		40085		1812
382		1813		40085		1812
383		1813		40085		1812
384		1813		40085		1812
385		1813		40085		1812
386		1813		40085		1812
387		1813		40085		1812
388		1813		40085		1812
389		1813		40085		1812
390		1813		40085		1812
391		1813		40085		1812
392		1813		40085		1812
393		1813		40085		1812
394		1813		40085		1812
395		1813		40085		1812
396		1813		40085		1812
397		1813		40085		1812
398		1813		40085		1812
399		1813		40085		1812
400		1813		40085		1812
401		1813		40085		1812
402		1813		40085		1812
403		1813		40085		1812
404		1813		40085		1812
405		1813		40085		1812
406		1813		40085		1812
407		1813		40085		1812
408		1813		40085		1812
409		1813		40085		1812
410		1813		40085		1812
411		1813		40085		1812
412		1813		40085		1812
413		1813		40085		1812
414		1813		40085		1812
415		1813		40085		1812
416		1813		40085		1812
417		1813		40085		1812
418		1813		40085		1812
419		1813		40085		1812
420		1813		40085		1812
421		1813		40085		1812
422		1813		40085		1812
423		1813		40085		1812
424		1813		40085		1812
425		1813		40085		1812
426		1813		40085		1812
427		1813		40085		1812
428		1813		40085		1812
429		1813		40085		1812
430		1813		40085		1812
431		1813		40085		1812
432		1813		40085		1812
433		1813		40085		1812
434		1813		40085		1812
435		1813		40085		1812
436		1813		40085		1812
437		1813		40085		1812
438		1813		40085		1812
439		1813		40085		1812
440		1813		40085		1812
441		1813		40085		1812
442		1813		40085		1812
443		1813		40085		1812
444		1813		40085		1812
445		1813		40085		1812
446		1813		40085		1812
447		1813		40085		1812
448		1813		40085		1812
449		1813		40085		1812
450		1813		40085		1812
451		1813		40085		1812
452		1813		40085		1812
453		1813		40085		1812
454		1813		40085		1812
455		1813		40085		1812
456		1813		40085		1812
457		1813		40085		1812
458		1813		40085		1812
459		1813		40085		1812
460		1813		40085		1812
461		1813		40085		1812
462		1813		40085		1812
463		1813		40085		1812
464		1813		40085		1812
465		1813		40085		1812
466		1813		40085		1812
467		1813		40085		1812
468		1813		40085		1812
469		1813		40085		1812
470		1813		40085		1812
471		1813		40085		1812
472		1813		40085		1812
473		1813		40085		1812
474		1813		40085		1812
475		1813		40085		1812
476		1813		40085		1812
477		1813		40085		1812
478		1813		40085		1812
479		1813		40085		1812
480		1813		40085		1812
481		1813		40085		1812
482		1813		40085		1812
483		1813		40085		1812
484		1813		40085		1812
485		1813		40085		1812
486		1813		40085		1812
487		1813		40085		1812
488		1813		40085		1812
489		1813		40085		1812
490		1813		40085		1812
491		1813		40085		1812
492		1813		40085		1812
493		1813		40085		1812
494		1813		40085		1812
495		1813		40085		1812
496		1813		40085		1812
497		1813		40085		1812
498		1813		40085		1812
499		1813		40085		1812
500		1813		40085		1812
501		1813		40085		1812
502		1813		40085		1812
503		1813		40085		1812
504		1813		40085		1812
505		1813		40085		1812
506		1813		40085		1812
507		1813		40085		1812
508		1813		40085		1812
509		1813		40085		1812
510		1813		40085		1812
511		1813		40085		1812
512		1813		40085		1812
513		1813		40085		1812
514		1813		40085		1812
515		1813		40085		1812
516		1813		40085		1812
517		1813		40085		1812
518		1813		40085		1812
519		1813		40085		1812
520		1813		40085		1812
521		1813		40085		1812
522		1813		40085		1812
523		1813		40085		1812
524		1813		40085		1812
525		1813		40085		1812
526		1813		40085		1812
527		1813		40085		1812
528		1813		40085		1812
529		1813		40085		1812
530		1813		40085		1812
531		1813		40085		1812
532		1813		40085		1812
533		1813		40085		1812
534		1813		40085		1812
535		1813		40085		1812
536		1813		40085		1812
537		1813		40085		1812
538		1813		40085		1812
539		1813		40085		1812
540		1813		40085		1812
541		1813		40085		1812
542		1813		40085		1812
543		1813		40085		1812
544		1813		40085		1812
545		1813		40085		1812
546		1813		40085		1812
547		1813		40085		1812
548		1813		40085		1812
549		1813		40085		1812
550		1813		40085		1812
551		1813		40085		1812
552		1813		40085		1812
553		1813		40085		1812
554		1813		40085		1812
555		1813		40085		1812
556		1813		40085		1812
557		1813		40085		1812
558		1813		40085		1812
559		1813		40085		1812
560		1813		40085		1812
561		1813		40085		1812
562		1813		40085		1812
563		1813		40085		1812
564		1813		40085		1812
565		1813		40085		1812
566		1813		40085		1812
567		1813		40085		1812
568		1813		40085		1812
569		1813		40085		1812
570		1813		40085		1812
571		1813		40085		1812
572		1813		40085		1812
573		1813		40085		1812
574		1813		40085		1812
575		1813		40085		1812
576		1813		40085		1812
577		1813		40085		1812
578		1813		40085		1812
579		1813		40085		1812
580		1813		40085		1812
581		1813		40085		1812
582		1813		40085		1812
583		1813		40085		1812
584		1813		40085		1812
585		1813		40085		1812
586		1813		40085		1812
587		1813		40085		1812
588		1813		40085		1812
589		1813		40085		1812
590		1813		40085		1812
591		1813		40085		1812
592		1813		40085		1812
593		1813		40085		1812
594		1813		40085		1812
595		1813		40085		1812
596		1813		40085		1812
597		1813		40085		1812
598		1813		40085		1812
599		1813		40085		1812
600		1813		40085		1812
601		1813		40085		1812
602		1813		40085		1812
603		1813		40085		1812
604		1813		40085		1812
605		1813		40085		1812
606		1813		40085		1812
607		1813		40085		1812
608		1813		40085		1812
609		1813		40085		1812
610		1813		40085		1812
611		1813		40085		1812
612		1813		40085		1812
613		1813		40085		1812
614		1813		40085		1812
615		1813		40085		1812
616		1813		40085		1812
617		1813		40085		1812
618		1813		40085		1812
619		1813		40085		1812
620		1813		40085		1812
621		1813		40085		1812
622		1813		40085		1812
623		1813		40085		1812
624		1813		40085		1812
625		1813		40085		1812
626		1813		40085		1812
627		1813		40085		1812
628		1813		40085		1812
629		1813		40085		1812
630		1813		40085		1812
631		1813		40085		1812
632		1813		40085		1812
633		1813		40085		1812
634		1813		40085		1812
635		1813		40085		1812
636		1813		40085		1812
637		1813		40085		1812
638		1813		40085		1812
639		1813		40085		1812
640		1813		40085		1812
641		1813		40085		1812
642		1813		40085		1812
643		1813		40085		1812
644		1813		40085		1812
645		1813		40085		1812
646		1813		40085		1812
647		1813		40085		1812
648		1813		40085		1812
649		1813		40085		1812
650		1813		40085		1812
651		1813		40085		1812
652		1813		40085		1812
653		1813		40085		1812
654		1813		40085		1812
655		1813		40085		1812
656		1813		40085		1812
657		1813		40085		1812
658		1813		40085		1812
659		1813		40085		1812
660		1813		40085		1812
661		1813		40085		1812
662		1813		40085		1812
663		1813		40085		1812
664		1813		40085		1812
665		1813		40085		1812
666		1813		40085		1812
667		1813		40085		1812
668		1813		40085		1812
669		1813		40085		1812
670		1813		40085		1812
671		1813		40085		1812
672		1813		40085		1812
673		1813		40085		1812
674		1813		40085		1812
675		1813		40085		1812
676		1813		40085		1812
677		1813		40085		1812
678		1813		40085		1812
679		1813		40085		1812
680		1813		40085		1812
681		1813		40085		1812
682		1813		40085		1812
683		1813		40085		1812
684		1813		40085		1812
685		1813		40085		1812
686		1813		40085		1812
687		1813		40085		1812
688		1813		40085		1812
689		1813		40085		1812
690		1813		40085		1812
691		1813		40085		1812
692		1813		40085		1812
693		1813		40085		1812
694		1813		40085		1812
695		1813		40085		1812
696		1813		40085		1812
697		1813		40085		1812
698		1813		40085		1812
699		1813		40085		1812
700		1813		40085		1812
701		1813		40085		1812
702		1813		40085		1812
703		1813		40085		1812
704		1813		40085		1812
705		1813		40085		1812
706		1813		40085		1812
707		1813		40085		1812
708		1813		40085		1812
709		1813		40085		1812
710		1813		40085		1812
711		1813		40085		1812
712		1813		40085		1812
713		1813		40085		1812
714		1813		40085		1812
715		1813		40085		1812
716		1813		40085		1812
717		1813		40085		1812
718		1813		40085		1812
719		1813		40085		1812
720		1813		40085		1812
721		1813		40085		1812
722		1813		40085		1812
723		1813		40085		1812
724		1813		40085		1812
725		1813		40085		1812
726		1813		40085		1812
727		1813		40085		1812
728		1813		40085		1812
729		1813		40085		1812
730		1813		40085		1812
731		1813		40085		1812
732		1813		40085		1812
733		1813		40085		1812
734		1813		40085		1812
735		1813		40085		1812
736		1813		40085		1812
737		1813		40085		1812
738		1813		40085		1812
739		1813		40085		1812
740		1813		40085		1812
741		1813		40085		1812
742		1813		40085		1812
743		1813		40085		1812
744		1813		40085		1812
745		1813		40085		1812
746		1813		40085		1812
747		1813		40085		1812
748		1813		40085		1812
749		1813		40085		1812
750		1813		40085		1812
751		1813		40085		1812
752		1813		40085		1812
753		1813		40085		1812
754		1813		40085		1812
755		1813		40085		1812
756		1813		40085		1812
757		1813		40085		1812
758		1813		40085		1812
759		1813		40085		1812
760		1813		40085		1812
761		1813		40085		1812
762		1813		40085		1812
763		1813		40085		1812
764		1813		40085		1812
765		1813		40085		1812
766		1813		40085		1812
767		1813		40085		1812
768		1813		40085		1812
769		1813		40085		1812
770		1813		40085		1812
771		1813		40085		1812
772		1813		40085		1812
773		1813		40085		1812
774		1813		40085		1812
775		1813		40085		1812
776		1813		40085		1812
777		1813		40085		1812
778		1813		40085		1812
779		1813		40085		1812
780		1813		40085		1812
781		1813		40085		1812
782		1813		40085		1812
783		1813		40085		1812
784		1813		40085		1812
785		1813		40085		1812
786		1813		40085		1812
787		1813		40085		1812
788		1813		40085		1812
789		1813		40085		1812
790		1813		40085		1812
791		1813		40085		1812
792		1813		40085		1812
793		1813		40085		1812
794		1813		40085		1812
795		1813		40085		1812
796		1813		40085		1812
797		1813		40085		1812
798		1813		40085		1812
799		1813		40085		1812
800		1813		40085		1812
801		1813		40085		1812
802		1813		40085		1812
803		1813		40085		1812
804		1814		40086		1811
805		1813		40087		1812
806		1813		40087		1812
807		1813		40087		1812
808		1813		40087		1812
809		1813		40087		1812
810		1813		40087		1812
811		1813		40087		1812
812		1813		40087		1812
813		1813		40087		1812
814		1813		40087		1812
815		1813		40087		1812
816		1813		40087		1812
817		1813		40087		1812
818		1813		40087		1812
819		1813		40087		1812
820		1813		40087		1812
821		1813		40087		1812
822		1813		40087		1812
823		1813		40087		1812
824		1813		40087		1812
825		1813		40087		1812
826		1813		40087		1812
827		1813		40087		1812
828		1813		40087		1812
829		1813		40087		1812
830		1813		40087		1812
831		1813		40087		1812
832		1813		40087		1812
833		1813		40087		1812
834		1813		40087		1812
835		1813		40087		1812
836		1813		40087		1812
837		1813		40087		1812
838		1813		40087		1812
839		1813		40087		1812
840		1813		40087		1812
841		1813		40087		1812
842		1813		40087		1812
843		1813		40087		1812
844		1813		40087		1812
845		1813		40087		1812
846		1813		40087		1812
847		1813		40087		1812
848		1813		40087		1812
849		1813		40087		1812
850		1813		40087		1812
851		1813		40087		1812
852		1813		40087		1812
853		1813		40087		1812
854		1813		40087		1812
855		1813		40087		1812
856		1813		40087		1812
857		1813		40087		1812
858		1813		40087		1812
859		1813		40087		1812
860		1813		40087		1812
861		1813		40087		1812
862		1813		40087		1812
863		1813		40087		1812
864		1813		40087		1812
865		1812		40088		1813
866		1812		40088		1813
867		1812		40088		1813
868		1812		40088		1813
869		1812		40088		1813
870		1812		40088		1813
871		1812		40088		1813
872		1812		40088		1813
873		1812		40088		1813
874		1812		40088		1813
875		1812		40088		1813
876		1812		40088		1813
877		1812		40088		1813
878		1812		40088		1813
879		1812		40088		1813
880		1812		40088		1813
881		1812		40088		1813
882		1812		40088		1813
883		1812		40088		1813
884		1812		40088		1813
885		1812		40088		1813
886		1812		40088		1813
887		1812		40088		1813
888		1812		40088		1813
889		1812		40088		1813
890		1812		40088		1813
891		1812		40088		1813
892		1812		40088		1813
893		1812		40088		1813
894		1812		40088		1813
895		1812		40088		1813
896		1812		40088		1813
897		1812		40088		1813
898		1812		40088		1813
899		1812		40088		1813
900		1812		40088		1813
901		1812		40088		1813
902		1812		40088		1813
903		1812		40088		1813
904		1812		40088		1813
905		1812		40088		1813
906		1812		40088		1813
907		1812		40088		1813
908		1812		40088		1813
909		1812		40088		1813
910		1812		40088		1813
911		1812		40088		1813
912		1812		40088		1813
913		1812		40088		1813
914		1812		40088		1813
915		1812		40088		1813
916		1812		40088		1813
917		1812		40088		1813
918		1812		40088		1813
919		1812		40088		1813
920		1812		40088		1813
921		1812		40088		1813
922		1812		40088		1813
923		1812		40088		1813
924		1812		40088		1813
925		1812		40088		1813
926		1812		40088		1813
927		1812		40088		1813
928		1812		40088		1813
929		1812		40088		1813
930		1812		40088		1813
931		1812		40088		1813
932		1812		40088		1813
933		1812		40088		1813
934		1812		40088		1813
935		1812		40088		1813
936		1812		40088		1813
937		1812		40088		1813
938		1812		40088		1813
939		1812		40088		1813
940		1812		40088		1813
941		1812		40088		1813
942		1812		40088		1813
943		1812		40088		1813
944		1812		40088		1813
945		1812		40088		1813
946		1812		40088		1813
947		1812		40088		1813
948		1812		40088		1813
949		1812		40088		1813
950		1812		40088		1813
951		1812		40088		1813
952		1812		40088		1813
953		1812		40088		1813
954		1812		40088		1813
955		1812		40088		1813
956		1812		40088		1813
957		1812		40088		1813
958		1812		40088		1813
959		1812		40088		1813
960		1812		40088		1813
961		1812		40088		1813
962		1812		40088		1813
963		1812		40088		1813
964		1812		40088		1813
965		1812		40088		1813
966		1812		40088		1813
967		1812		40088		1813
968		1812		40088		1813
969		1812		40088		1813
970		1812		40088		1813
971		1812		40088		1813
972		1812		40088		1813
973		1812		40088		1813
974		1812		40088		1813
975		1812		40088		1813
976		1812		40088		1813
977		1812		40088		1813
978		1812		40088		1813
979		1812		40088		1813
980		1812		40088		1813
981		1812		40088		1813
982		1812		40088		1813
983		1812		40088		1813
984		1812		40088		1813
985		1812		40088		1813
986		1812		40088		1813
987		1812		40088		1813
988		1812		40088		1813
989		1812		40088		1813
990		1812		40088		1813
991		1812		40088		1813
992		1812		40088		1813
993		1812		40088		1813
994		1812		40088		1813
995		1812		40088		1813
996		1812		40088		1813
997		1812		40088		1813
998		1812		40088		1813
999		1812		40088		1813
1000		1812		40088		1813
1001		1812		40088		1813
1002		1812		40088		1813
1003		1812		40088		1813
1004		1812		40088		1813
1005		1812		40088		1813
1006		1812		40088		1813
1007		1812		40088		1813
1008		1812		40088		1813
1009		1812		40088		1813
1010		1812		40088		1813
1011		1812		40088		1813
1012		1812		40088		1813
1013		1812		40088		1813
1014		1812		40088		1813
1015		1812		40088		1813
1016		1812		40088		1813
1017		1812		40088		1813
1018		1812		40088		1813
1019		1812		40088		1813
1020		1812		40088		1813
1021		1812		40088		1813
1022		1812		40088		1813
1023		1812		40088		1813
1024		1812		40088		1813
1025		1812		40088		1813
1026		1812		40088		1813
1027		1812		40088		1813
1028		1812		40088		1813
1029		1812		40088		1813
