# Migration is number of nodes that have changed color.

Round		Edge-Cut		Swaps		Migrations		Skipped
0		85643		2226		2131
1		62826		3640		2028
2		54657		4747		2060
3		50292		5802		2079
4		48024		6801		2019
5		46555		7761		2037
6		46006		8692		2062
7		45601		9582		2069
8		45268		10515		2044
9		45066		11480		2066
10		44548		12382		2067
11		44352		13279		2061
12		44012		14147		2041
13		44250		15003		2062
14		43857		15847		2056
15		44218		16718		2043
16		44181		17583		2068
17		43997		18473		2036
18		43987		19374		2047
19		43658		20222		2048
20		43776		21034		2032
21		43765		21883		2061
22		43776		22690		2036
23		43751		23537		2036
24		43816		24424		2069
25		43972		25277		2050
26		43838		26149		2091
27		43803		27032		2063
28		43662		27848		2049
29		43705		28662		2070
30		43741		29512		2053
31		43711		30363		2057
32		43714		31175		2063
33		43892		32014		2052
34		43738		32875		2057
35		43757		33693		2067
36		43681		34513		2050
37		43789		35377		2038
38		43722		36198		2051
39		43594		37032		2060
40		43739		37866		2039
41		43751		38711		2051
42		43501		39531		2073
43		43577		40344		2042
44		43658		41194		2074
45		43793		42035		2069
46		43450		42880		2053
47		43685		43690		2072
48		43626		44557		2061
49		43477		45367		2041
50		43661		46200		2057
51		43676		47054		2060
52		43992		47906		2049
53		43685		48791		2041
54		43552		49643		2075
55		43376		50421		2033
56		43462		51225		2057
57		43519		52017		2032
58		43497		52839		2058
59		43645		53681		2056
60		43660		54509		2060
61		43703		55325		2046
62		43488		56140		2047
63		43627		56926		2041
64		43389		57744		2057
65		43439		58528		2039
66		43372		59334		2046
67		43221		60147		2073
68		43441		60921		2044
69		43472		61722		2044
70		43349		62487		2052
71		43304		63265		2040
72		43584		64062		2048
73		43446		64846		2051
74		43409		65627		2065
75		43557		66453		2025
76		43603		67256		2058
77		43585		68081		2060
78		43473		68852		2040
79		43470		69666		2049
80		43446		70487		2067
81		43393		71273		2069
82		43545		72070		2032
83		43619		72917		2044
84		43451		73741		2054
85		43312		74513		2048
86		43255		75273		2063
87		43108		76007		2071
88		43159		76705		2048
89		43368		77490		2060
90		43606		78290		2059
91		43627		79088		2067
92		43499		79885		2052
93		43429		80717		2070
94		43402		81502		2028
95		43272		82289		2046
96		43498		83078		2050
97		43527		83898		2037
98		43367		84693		2059
99		43446		85466		2036
100		43594		86306		2045
101		43709		87159		2050
102		43386		87989		2051
103		43428		88810		2046
104		43355		89567		2048
105		43341		90352		2052
106		43486		91148		2049
107		43321		91916		2062
108		43541		92712		2038
109		43372		93483		2042
110		43309		94253		2061
111		42972		94986		2033
112		42939		95652		2065
113		42960		96331		2033
114		43335		97083		2044
115		43325		97860		2047
116		43421		98645		2047
117		43275		99420		2063
118		43227		100161		2061
119		43311		100936		2059
120		43265		101721		2023
121		43151		102503		2061
122		43215		103268		2052
123		43149		104041		2048
124		43301		104832		2056
125		43413		105592		2036
126		43222		106352		2046
127		43063		107095		2048
128		43195		107859		2060
129		43206		108589		2052
130		43348		109318		2061
131		43245		110070		2029
132		43138		110826		2041
133		43235		111562		2065
134		43099		112314		2047
135		43077		113079		2074
136		43037		113813		2037
137		43185		114522		2035
138		43331		115269		2023
139		43229		116036		2056
140		43332		116805		2045
141		43210		117578		2059
142		43320		118338		2065
143		43189		119106		2073
144		43185		119838		2052
145		43306		120597		2057
146		43499		121375		2053
147		43526		122185		2048
148		43331		122971		2058
149		43393		123735		2044
150		43433		124502		2094
151		43163		125241		2040
152		43196		125982		2033
153		43207		126731		2050
154		43551		127479		2048
155		43369		128276		2058
156		43241		129027		2061
157		43256		129751		2061
158		43258		130502		2031
159		43263		131276		2063
160		43203		132030		2061
161		42933		132755		2070
162		42971		133445		2029
163		43152		134125		2040
164		43230		134841		2071
165		43022		135600		2052
166		43168		136338		2072
167		43290		137143		2050
168		43343		137926		2050
169		43357		138743		2034
170		43240		139550		2053
171		43278		140349		2069
172		43557		141132		2052
173		43307		141937		2050
174		43044		142657		2060
175		43194		143351		2051
176		43102		144104		2071
177		43238		144834		2023
178		43261		145569		2042
179		43010		146305		2053
180		42904		146987		2051
181		43382		147717		2051
182		43208		148482		2039
183		43152		149266		2052
184		43076		150018		2046
185		43099		150722		2052
186		43075		151432		2065
187		43218		152159		2061
188		43397		152936		2050
189		43364		153697		2060
190		43201		154426		2049
191		43160		155162		2072
192		43175		155889		2061
193		43053		156596		2053
194		43338		157315		2044
195		43157		158093		2041
196		43185		158856		2068
197		43217		159597		2066
198		43394		160364		2038
199		43226		161121		2041
200		43181		161831		2061
201		43253		162563		2076
202		43084		163309		2056
203		43191		164074		2074
204		43366		164836		2055
205		42954		165565		2062
206		43190		166293		2063
207		43320		167028		2060
208		43205		167780		2023
209		43000		168486		2067
210		43010		169214		2056
211		43035		169908		2073
212		43202		170592		2032
213		43378		171323		2040
214		43191		172060		2066
215		43058		172755		2069
216		42994		173473		2048
217		42922		174176		2036
218		43129		174883		2069
219		43166		175581		2041
220		43273		176318		2065
221		43081		177031		2062
222		43139		177720		2050
223		42991		178427		2054
224		43180		179102		2059
225		43214		179825		2075
226		43114		180548		2027
227		43059		181230		2037
228		42821		181911		2095
229		42770		182591		2067
230		42989		183245		2061
231		43188		183934		2041
232		43170		184642		2063
233		43263		185373		2057
234		43318		186082		2056
235		43245		186785		2064
236		43073		187504		2038
237		42972		188214		2019
238		43071		188929		2031
239		43262		189636		2042
240		43072		190318		2049
241		43293		191013		2027
242		43404		191800		2053
243		43276		192551		2076
244		43216		193295		2047
245		43232		194050		2039
246		43056		194776		2055
247		43148		195459		2077
248		43134		196180		2074
249		43248		196932		2068
250		43129		197672		2074
251		42970		198341		2057
252		43043		199029		2052
253		43048		199703		2038
254		43147		200370		2060
255		43295		201116		2048
256		43190		201826		2051
257		43243		202557		2042
258		43274		203264		2039
259		43177		204015		2017
260		43121		204749		2054
261		42990		205421		2041
262		43071		206081		2041
263		42949		206776		2055
264		43069		207451		2057
265		42967		208134		2073
266		42997		208794		2073
267		43043		209486		2069
268		42878		210141		2034
269		42915		210822		2065
270		42763		211522		2057
271		42962		212195		2063
272		42799		212848		2074
273		42961		213543		2054
274		42876		214200		2066
275		42919		214867		2037
276		42904		215505		2047
277		42833		216128		2049
278		42863		216784		2068
279		42973		217430		2050
280		42961		218107		2038
281		43020		218788		2060
282		42944		219454		2064
283		43236		220161		2044
284		43112		220834		2058
285		42993		221554		2036
286		42807		222233		2065
287		42833		222887		2050
288		43007		223546		2069
289		42957		224225		2056
290		43092		224870		2051
291		42897		225537		2036
292		42678		226149		2050
293		42831		226782		2066
294		42960		227456		2040
295		42787		228093		2062
296		42882		228724		2053
297		43010		229399		2057
298		42845		230084		2062
299		42828		230715		2045
300		43040		231395		2057
301		42963		232063		2051
302		42858		232680		2057
303		42733		233352		2065
304		42822		233990		2080
305		42795		234631		2061
306		42745		235258		2087
307		42863		235916		2059
308		43030		236607		2044
309		42911		237282		2035
310		42994		237962		2062
311		43021		238621		2050
312		42931		239302		2061
313		42964		239998		2064
314		42925		240671		2039
315		42901		241328		2051
316		42845		241976		2045
317		42882		242629		2062
318		42919		243292		2061
319		42973		243950		2052
320		43067		244618		2064
321		43112		245336		2062
322		43007		246043		2041
323		43087		246698		2025
324		42975		247365		2077
325		42892		248015		2048
326		42852		248695		2056
327		42729		249290		2037
328		42843		249894		2055
329		43051		250554		2057
330		42977		251236		2031
331		42904		251899		2033
332		42900		252569		2061
333		42994		253228		2046
334		42891		253886		2058
335		42812		254525		2076
336		42833		255125		2038
337		42646		255726		2055
338		42878		256336		2058
339		42926		256996		2049
340		42826		257639		2055
341		43017		258310		2080
342		42878		258939		2038
343		42854		259556		2062
344		42829		260175		2046
345		42744		260769		2054
346		42809		261409		2027
347		42904		262015		2018
348		42718		262644		2047
349		42788		263235		2041
350		42678		263846		2058
351		42738		264418		2057
352		42858		265033		2064
353		42798		265649		2045
354		42869		266272		2052
355		42743		266898		2042
356		42811		267528		2047
357		42740		268142		2066
358		42629		268763		2073
359		42774		269374		2070
360		42819		269991		2054
361		42918		270645		2061
362		42875		271311		2056
363		42802		271919		2054
364		42927		272564		2038
365		42836		273199		2029
366		42804		273815		2063
367		42725		274432		2048
368		42578		275034		2056
369		42711		275603		2047
370		42821		276224		2034
371		42747		276863		2080
372		43038		277521		2065
373		42922		278157		2042
374		42892		278804		2047
375		42755		279493		2072
376		42712		280107		2042
377		42697		280722		2054
378		42577		281294		2052
379		42534		281892		2073
380		42604		282487		2063
381		42715		283106		2046
382		42754		283690		2061
383		42746		284309		2048
384		42707		284944		2042
385		42732		285563		2035
386		42526		286162		2019
387		42637		286763		2046
388		42735		287395		2017
389		42859		288007		2051
390		42821		288641		2040
391		42837		289276		2043
392		43030		289951		2053
393		42822		290611		2056
394		42751		291231		2079
395		42887		291865		2082
396		42878		292494		2068
397		42645		293112		2079
398		42686		293695		2058
399		42591		294273		2071
400		42704		294902		2063
401		42527		295494		2063
402		42506		296077		2064
403		42624		296640		2053
404		42532		297242		2054
405		42689		297871		2052
406		42662		298473		2057
407		42701		299060		2065
408		42622		299618		2048
409		42630		300200		2061
410		42702		300801		2054
411		42755		301374		2059
412		42535		301950		2043
413		42584		302515		2053
414		42628		303113		2056
415		42606		303708		2068
416		42575		304295		2034
417		42662		304858		2061
418		42719		305479		2051
419		42687		306094		2037
420		42538		306682		2057
421		42514		307256		2040
422		42618		307826		2050
423		42648		308411		2055
424		42577		308977		2088
425		42585		309551		2079
426		42595		310138		2054
427		42585		310748		2044
428		42585		311352		2060
429		42444		311896		2050
430		42518		312425		2064
431		42496		313024		2063
432		42569		313613		2042
433		42643		314193		2053
434		42543		314784		2048
435		42658		315386		2024
436		42704		315972		2078
437		42809		316576		2070
438		42880		317221		2043
439		42698		317866		2065
440		42810		318462		2048
441		42748		319091		2059
442		42697		319716		2056
443		42717		320313		2051
444		42657		320926		2078
445		42601		321544		2039
446		42534		322113		2045
447		42743		322708		2056
448		42499		323304		2055
449		42462		323895		2066
450		42638		324450		2042
451		42497		325041		2062
452		42502		325591		2053
453		42628		326141		2074
454		42387		326715		2048
455		42545		327241		2049
456		42432		327802		2073
457		42571		328357		2042
458		42562		328954		2088
459		42655		329527		2068
460		42603		330132		2052
461		42618		330709		2052
462		42601		331270		2075
463		42533		331870		2066
464		42545		332447		2040
465		42543		333029		2057
466		42620		333611		2059
467		42606		334179		2055
468		42353		334697		2024
469		42491		335235		2058
470		42562		335799		2081
471		42418		336355		2040
472		42439		336872		2062
473		42577		337462		2049
474		42601		338068		2047
475		42614		338645		2048
476		42551		339194		2037
477		42571		339765		2044
478		42480		340371		2065
479		42474		340928		2040
480		42455		341515		2049
481		42275		342050		2047
482		42411		342583		2071
483		42376		343128		2069
484		42444		343657		2032
485		42497		344203		2067
486		42352		344758		2084
487		42460		345277		2070
488		42416		345789		2038
489		42535		346307		2042
490		42582		346848		2042
491		42466		347424		2070
492		42642		348016		2046
493		42563		348591		2037
494		42538		349172		2051
495		42621		349737		2051
496		42390		350293		2036
497		42377		350807		2033
498		42451		351341		2049
499		42457		351883		2072
500		42516		352442		2034
501		42560		352995		2034
502		42657		353573		2058
503		42576		354135		2055
504		42456		354671		2056
505		42397		355176		2038
506		42475		355717		2042
507		42631		356259		2050
508		42458		356819		2076
509		42455		357370		2081
510		42459		357913		2058
511		42456		358437		2056
512		42504		359016		2081
513		42381		359629		2066
514		42622		360175		2029
515		42467		360726		2080
516		42388		361267		2036
517		42297		361806		2064
518		42379		362326		2069
519		42477		362861		2058
520		42427		363381		2043
521		42422		363938		2043
522		42397		364481		2043
523		42382		365036		2052
524		42534		365624		2068
525		42522		366171		2067
526		42600		366727		2066
527		42514		367336		2053
528		42589		367862		2061
529		42446		368431		2070
530		42282		368963		2071
531		42285		369461		2056
532		42370		369980		2053
533		42377		370508		2043
534		42305		371012		2048
535		42369		371535		2069
536		42514		372089		2070
537		42425		372611		2068
538		42483		373132		2044
539		42403		373664		2035
540		42512		374218		2056
541		42557		374770		2043
542		42502		375313		2064
543		42464		375841		2080
544		42289		376352		2057
545		42443		376859		2042
546		42375		377365		2068
547		42403		377895		2045
548		42487		378442		2063
549		42485		378951		2048
550		42445		379521		2050
551		42340		380068		2075
552		42438		380602		2061
553		42370		381112		2053
554		42363		381644		2055
555		42356		382176		2047
556		42329		382656		2067
557		42378		383152		2069
558		42375		383687		2048
559		42398		384188		2051
560		42394		384678		2049
561		42359		385176		2054
562		42325		385651		2046
563		42366		386182		2062
564		42324		386690		2054
565		42485		387230		2080
566		42329		387722		2072
567		42506		388266		2064
568		42360		388787		2037
569		42376		389300		2063
570		42326		389779		2050
571		42311		390232		2061
572		42373		390739		2075
573		42351		391267		2081
574		42397		391804		2061
575		42355		392292		2045
576		42474		392802		2042
577		42199		393305		2049
578		42314		393794		2044
579		42171		394232		2056
580		42162		394667		2052
581		42165		395116		2051
582		42089		395568		2023
583		42161		396010		2055
584		42264		396470		2049
585		42315		396939		2055
586		42336		397439		2049
587		42346		397951		2041
588		42241		398455		2045
589		42281		398917		2060
590		42204		399383		2053
591		42191		399826		2054
592		42299		400335		2031
593		42339		400836		2031
594		42201		401320		2072
595		42317		401785		2085
596		42339		402264		2070
597		42288		402757		2070
598		42308		403239		2049
599		42319		403742		2075
600		42287		404223		2064
601		42304		404704		2039
602		42324		405178		2056
603		42215		405636		2058
604		42334		406105		2051
605		42252		406564		2067
606		42314		407053		2053
607		42324		407561		2056
608		42408		408067		2073
609		42246		408601		2058
610		42411		409088		2064
611		42195		409579		2055
612		42264		410058		2056
613		42215		410513		2054
614		42252		410964		2050
615		42493		411457		2057
616		42375		411965		2059
617		42205		412464		2047
618		42309		412920		2081
619		42375		413436		2056
620		42336		413923		2081
621		42366		414448		2067
622		42239		414937		2049
623		42273		415397		2053
624		42183		415875		2044
625		42215		416336		2051
626		42296		416858		2045
627		42194		417349		2051
628		42116		417813		2065
629		42162		418282		2067
630		42196		418766		2052
631		42136		419227		2053
632		42123		419708		2078
633		42315		420176		2036
634		42225		420679		2075
635		42071		421170		2040
636		42220		421637		2043
637		42229		422112		2060
638		42216		422578		2061
639		42194		423067		2033
640		41961		423530		2051
641		41950		423961		2060
642		42096		424418		2058
643		42121		424866		2046
644		42322		425316		2070
645		42311		425815		2057
646		42246		426256		2067
647		42386		426752		2084
648		42213		427243		2068
649		42141		427695		2062
650		42187		428183		2042
651		42078		428636		2058
652		42234		429069		2037
653		42236		429529		2049
654		42202		429976		2053
655		42124		430470		2048
656		42200		430940		2057
657		42214		431442		2054
658		42285		431954		2059
659		42240		432444		2041
660		42130		432920		2064
661		42135		433365		2067
662		42279		433831		2067
663		42287		434302		2061
664		42220		434779		2051
665		42124		435264		2042
666		42201		435759		2057
667		42176		436234		2039
668		42063		436697		2043
669		42125		437140		2059
670		42150		437620		2036
671		42232		438100		2049
672		42092		438558		2069
673		42070		439011		2054
674		42172		439469		2052
675		42062		439926		2039
676		42268		440381		2057
677		42241		440863		2066
678		42081		441332		2042
679		42147		441767		2058
680		42184		442243		2062
681		42167		442714		2065
682		42076		443202		2053
683		42092		443617		2060
684		42166		444069		2071
685		42159		444519		2060
686		42138		444981		2051
687		42234		445452		2037
688		42115		445900		2056
689		42188		446333		2056
690		42024		446783		2047
691		42126		447236		2063
692		41999		447697		2054
693		42145		448134		2059
694		42105		448574		2038
695		42060		448987		2038
696		42237		449428		2036
697		42180		449865		2052
698		42230		450340		2053
699		42163		450811		2068
700		42133		451271		2037
701		41997		451715		2060
702		42135		452170		2032
703		42188		452608		2039
704		42196		453069		2038
705		42131		453534		2053
706		42121		453952		2063
707		42090		454391		2067
708		42100		454834		2080
709		41990		455222		2059
710		42034		455620		2064
711		42071		456031		2056
712		42211		456482		2049
713		42113		456920		2060
714		42203		457371		2070
715		42176		457834		2071
716		42115		458287		2051
717		42092		458751		2032
718		42056		459198		2069
719		42140		459591		2069
720		42047		460043		2061
721		42048		460472		2082
722		42034		460903		2054
723		42064		461332		2091
724		42101		461802		2059
725		42109		462221		2050
726		42025		462635		2054
727		42074		463039		2065
728		42002		463442		2057
729		41972		463798		2061
730		42028		464208		2059
731		42169		464621		2027
732		42140		465066		2055
733		42050		465474		2047
734		42044		465886		2059
735		42142		466318		2052
736		41961		466718		2061
737		41969		467156		2048
738		42043		467559		2046
739		41967		467946		2058
740		41945		468304		2030
741		41986		468736		2062
742		42162		469173		2050
743		42141		469635		2056
744		42139		470059		2095
745		42033		470513		2068
746		41827		470923		2048
747		41928		471314		2046
748		42041		471756		2039
749		41991		472175		2053
750		42054		472601		2037
751		42219		473024		2068
752		42056		473495		2057
753		42012		473907		2052
754		42018		474309		2037
755		42111		474724		2049
756		42168		475198		2053
757		42115		475651		2069
758		42214		476069		2051
759		42091		476510		2053
760		42182		476943		2066
761		42083		477350		2043
762		41942		477774		2054
763		41984		478162		2079
764		42046		478561		2058
765		42054		478957		2072
766		41968		479368		2061
767		42086		479783		2057
768		42131		480238		2078
769		42158		480716		2076
770		42106		481150		2051
771		42106		481598		2063
772		41947		482021		2074
773		42078		482445		2058
774		42090		482852		2042
775		42081		483269		2051
776		42081		483693		2049
777		41998		484078		2050
778		42021		484482		2045
779		42019		484900		2061
780		42070		485286		2051
781		42011		485717		2067
782		41912		486113		2085
783		41936		486511		2062
784		42013		486900		2059
785		42037		487313		2062
786		42012		487714		2080
787		42044		488108		2040
788		42089		488540		2083
789		42040		488952		2075
790		42013		489354		2063
791		41908		489733		2067
792		42042		490113		2066
793		42035		490526		2045
794		42026		490908		2037
795		42069		491307		2048
796		42154		491770		2072
797		42006		492186		2069
798		42001		492597		2081
799		41933		492979		2079
800		41964		493396		2092
801		41988		493779		2076
802		42033		494202		2059
803		42098		494633		2044
804		41989		495047		2064
805		41989		495454		2056
806		42069		495876		2074
807		42036		496287		2075
808		42095		496697		2053
809		41917		497088		2049
810		42036		497466		2048
811		41986		497867		2059
812		42128		498236		2085
813		42009		498646		2068
814		41983		499032		2068
815		42091		499420		2058
816		42043		499768		2051
817		42039		500164		2047
818		41930		500516		2049
819		41960		500887		2058
820		41910		501291		2063
821		41901		501697		2066
822		41918		502116		2053
823		41869		502463		2058
824		41937		502846		2061
825		41916		503230		2055
826		41898		503611		2065
827		42003		503975		2053
828		41924		504337		2053
829		41956		504729		2060
830		42058		505137		2072
831		42035		505541		2084
832		42064		505945		2063
833		41908		506335		2070
834		41871		506715		2072
835		41907		507085		2079
836		41885		507453		2067
837		41959		507799		2073
838		41925		508184		2060
839		41821		508568		2066
840		41819		508892		2065
841		41913		509250		2074
842		41829		509608		2073
843		41932		509960		2059
844		41883		510318		2044
845		41904		510677		2054
846		41997		511052		2044
847		42025		511456		2066
848		41967		511846		2059
849		41910		512221		2064
850		41945		512596		2049
851		41966		512980		2062
852		42085		513386		2049
853		41948		513779		2051
854		41899		514168		2080
855		41899		514528		2051
856		41979		514899		2081
857		41962		515280		2057
858		41966		515661		2074
859		41802		516027		2057
860		41856		516412		2069
861		41933		516770		2051
862		41840		517121		2057
863		41930		517490		2063
864		41957		517861		2084
865		41899		518265		2073
866		41829		518634		2058
867		41828		518987		2049
868		41950		519347		2079
869		41862		519727		2082
870		41801		520077		2072
871		41939		520457		2064
872		41947		520851		2040
873		41916		521249		2049
874		41826		521615		2067
875		41804		521957		2059
876		41863		522343		2059
877		41879		522703		2051
878		41930		523070		2061
879		41999		523436		2069
880		41900		523801		2060
881		41928		524157		2045
882		41858		524519		2031
883		41877		524863		2065
884		41815		525210		2049
885		41831		525541		2046
886		41807		525902		2043
887		41781		526237		2063
888		41920		526580		2046
889		41918		526942		2053
890		41872		527294		2045
891		41889		527659		2047
892		41826		528044		2062
893		41789		528392		2056
894		41702		528727		2068
895		41815		529036		2058
896		41714		529370		2059
897		41790		529707		2050
898		41763		530028		2054
899		41823		530377		2051
900		41835		530744		2045
901		41765		531081		2041
902		41739		531404		2049
903		41773		531750		2038
904		41857		532099		2057
905		41894		532463		2056
906		41889		532829		2039
907		41754		533168		2056
908		41769		533521		2063
909		41827		533885		2052
910		41770		534243		2063
911		41765		534590		2064
912		41726		534896		2042
913		41734		535221		2068
914		41826		535566		2032
915		41833		535915		2053
916		41732		536266		2038
917		41719		536600		2064
918		41694		536939		2083
919		41741		537244		2050
920		41786		537589		2062
921		41753		537924		2059
922		41823		538240		2081
923		41778		538599		2045
924		41721		538928		2038
925		41729		539246		2050
926		41693		539592		2061
927		41703		539926		2068
928		41786		540267		2060
929		41790		540619		2070
930		41747		540969		2057
931		41659		541310		2081
932		41810		541642		2053
933		41727		541976		2066
934		41750		542316		2068
935		41821		542669		2058
936		41709		543008		2069
937		41724		543324		2059
938		41772		543668		2050
939		41869		544027		2051
940		41757		544395		2069
941		41706		544744		2067
942		41759		545090		2073
943		41722		545392		2073
944		41774		545718		2085
945		41691		546067		2079
946		41737		546375		2066
947		41659		546699		2066
948		41744		547030		2060
949		41737		547371		2055
950		41756		547711		2072
951		41804		548038		2057
952		41679		548366		2053
953		41728		548685		2039
954		41734		549020		2062
955		41644		549337		2079
956		41704		549665		2070
957		41740		549963		2047
958		41806		550282		2052
959		41836		550633		2041
960		41757		550963		2052
961		41805		551306		2041
962		41743		551623		2076
963		41771		551979		2081
964		41817		552336		2063
965		41651		552682		2084
966		41739		552983		2076
967		41676		553277		2075
968		41702		553600		2044
969		41673		553909		2060
970		41690		554221		2062
971		41619		554561		2058
972		41655		554872		2069
973		41732		555190		2053
974		41729		555501		2065
975		41795		555826		2061
976		41787		556180		2053
977		41804		556516		2060
978		41695		556846		2079
979		41616		557138		2081
980		41717		557460		2083
981		41821		557785		2084
982		41816		558154		2070
983		41713		558487		2066
984		41714		558798		2064
985		41766		559100		2044
986		41725		559406		2056
987		41755		559753		2071
988		41700		560065		2056
989		41749		560408		2052
990		41616		560728		2063
991		41679		561014		2063
992		41648		561320		2051
993		41700		561624		2063
994		41734		561957		2056
995		41734		562275		2059
996		41723		562589		2061
997		41721		562902		2060
998		41652		563204		2071
999		41666		563508		2071
1000		41291		563647		2076
1001		41146		563710		2079
1002		41079		563742		2074
1003		41038		563767		2069
1004		41003		563785		2072
1005		40978		563802		2071
1006		40962		563812		2071
1007		40942		563824		2070
1008		40939		563827		2071
1009		40934		563831		2072
1010		40929		563836		2076
1011		40924		563841		2077
1012		40921		563843		2076
1013		40918		563846		2074
1014		40915		563849		2073
1015		40908		563855		2072
1016		40903		563857		2073
1017		40901		563858		2071
1018		40899		563860		2073
1019		40894		563865		2076
1020		40893		563866		2077
1021		40892		563867		2077
1022		40892		563867		2077
1023		40891		563868		2077
1024		40889		563869		2079
1025		40884		563874		2080
1026		40883		563875		2080
1027		40880		563877		2079
1028		40879		563878		2079
1029		40878		563879		2077
