# Migration is number of nodes that have changed color.

Round		Edge-Cut		Swaps		Migrations		Skipped
0		86431		2218		2144
1		62104		3657		2045
2		53073		4768		2061
3		49558		5763		2050
4		48079		6703		2062
5		47247		7610		2055
6		46420		8532		2037
7		45599		9436		2039
8		45249		10305		2063
9		44805		11230		2050
10		44231		12091		2062
11		44095		12942		2056
12		44072		13792		2046
13		43967		14633		2039
14		43836		15460		2035
15		43650		16244		2047
16		43601		17028		2056
17		43703		17840		2044
18		43598		18641		2051
19		43608		19449		2067
20		43555		20244		2060
21		43320		20975		2058
22		43385		21713		2053
23		43550		22479		2046
24		43553		23251		2042
25		43572		24081		2038
26		43732		24852		2026
27		43466		25611		2024
28		43581		26398		2065
29		43473		27165		2026
30		43289		27942		2015
31		43549		28692		2043
32		43465		29483		2055
33		43294		30241		2037
34		43243		30985		2029
35		43334		31768		2059
36		43343		32507		2038
37		43332		33229		2055
38		43164		33978		2051
39		43236		34712		2055
40		43386		35460		2033
41		43149		36225		2044
42		43063		36949		2046
43		42936		37639		2073
44		43033		38318		2045
45		43093		39030		2062
46		43163		39743		2043
47		43105		40429		2061
48		43039		41160		2042
49		43055		41858		2047
50		43107		42578		2037
51		43099		43254		2038
52		43236		43943		2036
53		42961		44654		2040
54		42995		45359		2055
55		42959		46017		2046
56		43047		46706		2048
57		42962		47403		2051
58		43157		48097		2062
59		43054		48789		2045
60		42852		49471		2050
61		43024		50138		2045
62		43066		50880		2051
63		43124		51557		2027
64		42855		52252		2048
65		42851		52901		2067
66		43047		53565		2050
67		43036		54258		2053
68		43103		54950		2037
69		43135		55626		2059
70		42937		56284		2054
71		43025		56974		2047
72		42913		57689		2064
73		43030		58376		2057
74		42895		59071		2030
75		42785		59677		2016
76		42709		60307		2052
77		42704		60933		2068
78		42784		61568		2041
79		42990		62188		2058
80		42906		62863		2072
81		42617		63457		2044
82		42726		64064		2058
83		42893		64708		2035
84		42896		65374		2039
85		42811		66012		2047
86		43009		66648		2039
87		42836		67276		2030
88		42766		67885		2039
89		42821		68529		2045
90		42696		69185		2044
91		42561		69755		2038
92		42694		70362		2006
93		42694		70961		2028
94		42684		71576		2066
95		42692		72190		2036
96		42499		72722		2069
97		42635		73285		2028
98		42760		73861		2056
99		42516		74446		2047
100		42572		74986		2036
101		42488		75541		2057
102		42539		76088		2039
103		42535		76658		2057
104		42576		77203		2038
105		42707		77803		2041
106		42599		78391		2051
107		42611		78920		2078
108		42708		79526		2045
109		42616		80112		2063
110		42679		80689		2048
111		42515		81262		2069
112		42559		81827		2025
113		42438		82368		2032
114		42446		82932		2042
115		42487		83453		2062
116		42580		83962		2047
117		42419		84512		2059
118		42327		85017		2053
119		42424		85552		2029
120		42440		86080		2050
121		42220		86593		2075
122		42428		87107		2035
123		42306		87601		2049
124		42324		88094		2047
125		42449		88608		2047
126		42303		89098		2029
127		42320		89597		2029
128		42237		90112		2042
129		42261		90584		2047
130		42260		91061		2043
131		42348		91546		2028
132		42327		92042		2034
133		42271		92547		2021
134		42290		93044		2037
135		42339		93530		2052
136		42253		94013		2051
137		42365		94527		2037
138		42309		95044		2039
139		42193		95520		2040
140		42274		95953		2029
141		42070		96389		2055
142		42165		96832		2043
143		42139		97255		2024
144		42238		97718		2043
145		42199		98165		2060
146		42249		98655		2053
147		42209		99126		2019
148		42264		99555		2052
149		42348		100035		2022
150		42249		100502		2019
151		42114		100969		2019
152		42081		101411		2028
153		42305		101860		2044
154		42215		102299		2035
155		42184		102729		2042
156		42076		103132		2037
157		42113		103573		2060
158		42364		104015		2053
159		42086		104458		2043
160		41991		104883		2040
161		42099		105295		2048
162		42036		105707		2054
163		42128		106125		2037
164		42150		106548		2032
165		42292		107017		2051
166		42148		107496		2042
167		42062		107914		2023
168		41999		108338		2032
169		41999		108738		2022
170		42146		109128		2033
171		42006		109563		2047
172		41977		109988		2017
173		42056		110407		2016
174		42026		110828		2017
175		42004		111226		2041
176		41983		111628		2026
177		41927		111994		2046
178		41992		112403		2012
179		41925		112793		2029
180		41848		113154		2030
181		41976		113560		2023
182		42011		113935		2033
183		41870		114338		2057
184		41904		114704		2024
185		41926		115054		2039
186		41859		115436		2034
187		41902		115822		2033
188		41940		116213		2035
189		41905		116583		2076
190		41896		116958		2045
191		41965		117320		2042
192		41992		117679		2043
193		41989		118094		2028
194		41969		118506		2042
195		41896		118892		2036
196		41744		119275		2044
197		41754		119612		2036
198		41789		119968		2024
199		41875		120347		2043
200		41819		120707		2055
201		41908		121051		2042
202		41902		121406		2018
203		41938		121765		2047
204		41879		122116		2028
205		41923		122510		2042
206		41834		122904		2037
207		41906		123297		2021
208		41881		123641		2049
209		41817		124009		2030
210		41807		124384		2022
211		41907		124752		2036
212		41842		125087		2031
213		41846		125465		2027
214		41867		125831		2015
215		41833		126168		2017
216		41700		126490		2035
217		41777		126841		2040
218		41861		127194		2053
219		41791		127520		2037
220		41692		127823		2034
221		41684		128139		2023
222		41658		128418		2030
223		41723		128747		2038
224		41688		129032		2031
225		41702		129351		2040
226		41722		129665		2049
227		41696		129985		2046
228		41636		130280		2032
229		41763		130588		2032
230		41773		130890		2041
231		41765		131220		2061
232		41752		131513		2035
233		41728		131817		2024
234		41727		132137		2039
235		41708		132475		2040
236		41754		132795		2042
237		41829		133103		2027
238		41825		133452		2052
239		41729		133781		2043
240		41706		134089		2039
241		41712		134393		2042
242		41645		134718		2020
243		41598		134981		2039
244		41563		135263		2061
245		41593		135537		2076
246		41636		135789		2050
247		41637		136084		2056
248		41586		136342		2057
249		41616		136634		2045
250		41681		136936		2064
251		41584		137213		2039
252		41495		137447		2046
253		41459		137683		2036
254		41507		137933		2014
255		41521		138176		2034
256		41509		138418		2045
257		41566		138693		2052
258		41532		138956		2060
259		41525		139207		2068
260		41553		139515		2070
261		41584		139772		2045
262		41517		140045		2041
263		41572		140295		2048
264		41539		140536		2074
265		41578		140781		2048
266		41549		141063		2050
267		41548		141296		2042
268		41506		141545		2034
269		41531		141782		2037
270		41555		142030		2058
271		41491		142279		2034
272		41530		142538		2057
273		41476		142790		2052
274		41487		143031		2039
275		41495		143296		2038
276		41440		143560		2044
277		41545		143808		2042
278		41575		144072		2061
279		41528		144324		2040
280		41538		144556		2043
281		41407		144806		2031
282		41448		145008		2028
283		41455		145210		2046
284		41413		145431		2049
285		41486		145665		2040
286		41527		145884		2053
287		41456		146118		2029
288		41417		146339		2022
289		41492		146566		2039
290		41485		146786		2030
291		41521		147024		2024
292		41471		147266		2022
293		41527		147503		2033
294		41511		147749		2033
295		41440		147992		2050
296		41387		148209		2048
297		41393		148440		2033
298		41372		148626		2027
299		41379		148834		2035
300		41429		149034		2036
301		41473		149241		2044
302		41482		149452		2050
303		41571		149675		2053
304		41591		149926		2030
305		41506		150182		2026
306		41468		150403		2020
307		41419		150608		2027
308		41483		150829		2028
309		41405		151061		2031
310		41317		151278		2040
311		41314		151467		2048
312		41302		151648		2036
313		41325		151827		2022
314		41320		152001		2049
315		41321		152188		2026
316		41369		152370		2026
317		41375		152556		2031
318		41344		152735		2036
319		41322		152929		2030
320		41346		153108		2039
321		41322		153299		2042
322		41318		153490		2046
323		41402		153676		2066
324		41405		153888		2059
325		41355		154088		2042
326		41338		154282		2037
327		41355		154453		2037
328		41264		154629		2022
329		41303		154801		2024
330		41259		154966		2032
331		41293		155138		2040
332		41310		155322		2049
333		41270		155489		2045
334		41308		155652		2039
335		41280		155833		2040
336		41264		156007		2049
337		41245		156156		2022
338		41211		156332		2050
339		41233		156484		2050
340		41261		156653		2044
341		41200		156813		2040
342		41256		156966		2025
343		41261		157124		2032
344		41219		157262		2033
345		41305		157432		2033
346		41323		157604		2034
347		41273		157800		2030
348		41283		157969		2040
349		41342		158147		2029
350		41315		158329		2027
351		41334		158509		2032
352		41305		158700		2023
353		41319		158871		2030
354		41328		159030		2033
355		41325		159196		2040
356		41292		159368		2044
357		41289		159528		2041
358		41292		159705		2033
359		41258		159862		2029
360		41301		160030		2041
361		41259		160194		2055
362		41296		160359		2047
363		41249		160523		2062
364		41288		160691		2052
365		41232		160852		2038
366		41218		161008		2052
367		41209		161168		2036
368		41178		161286		2021
369		41199		161401		2023
370		41205		161526		2030
371		41223		161673		2014
372		41247		161811		2042
373		41241		161970		2045
374		41245		162120		2043
375		41252		162275		2050
376		41232		162427		2040
377		41250		162582		2025
378		41250		162723		2047
379		41207		162873		2048
380		41237		163001		2043
381		41210		163137		2044
382		41260		163281		2035
383		41238		163410		2048
384		41202		163556		2044
385		41265		163705		2044
386		41227		163846		2047
387		41208		163980		2045
388		41212		164121		2048
389		41222		164267		2051
390		41208		164416		2041
391		41197		164524		2039
392		41216		164663		2045
393		41179		164794		2032
394		41200		164934		2045
395		41204		165055		2043
396		41183		165191		2063
397		41192		165307		2049
398		41197		165441		2049
399		41201		165574		2040
400		41131		165709		2036
401		41142		165819		2026
402		41094		165948		2032
403		41106		166063		2044
404		41126		166177		2047
405		41134		166280		2044
406		41109		166395		2045
407		41150		166510		2051
408		41106		166622		2040
409		41104		166725		2038
410		41138		166830		2042
411		41106		166952		2057
412		41107		167058		2052
413		41105		167172		2060
414		41121		167294		2060
415		41128		167393		2056
416		41114		167503		2042
417		41115		167642		2046
418		41094		167751		2046
419		41097		167849		2045
420		41089		167937		2052
421		41057		168026		2031
422		41098		168134		2044
423		41121		168253		2040
424		41140		168375		2028
425		41122		168478		2040
426		41140		168583		2051
427		41150		168695		2037
428		41176		168800		2037
429		41127		168900		2038
430		41141		169006		2048
431		41105		169103		2029
432		41093		169203		2032
433		41065		169283		2033
434		41048		169363		2032
435		41061		169463		2026
436		41054		169569		2026
437		41055		169648		2033
438		41043		169744		2039
439		41035		169828		2029
440		41001		169901		2041
441		41012		169973		2037
442		41008		170037		2032
443		41001		170111		2040
444		41017		170186		2042
445		41082		170270		2042
446		41062		170366		2025
447		41045		170452		2024
448		41044		170535		2028
449		41037		170617		2036
450		41028		170705		2037
451		41051		170796		2023
452		41012		170869		2023
453		40989		170950		2009
454		41018		171041		2021
455		41047		171111		2026
456		41038		171186		2018
457		41019		171270		2024
458		41049		171337		2036
459		41043		171428		2023
460		41035		171512		2012
461		41072		171590		2022
462		41075		171685		2028
463		41036		171763		2040
464		41024		171830		2047
465		41038		171894		2036
466		41034		171965		2030
467		41001		172056		2030
468		41005		172136		2020
469		40992		172205		2023
470		40989		172269		2024
471		40995		172342		2040
472		41025		172417		2038
473		41024		172498		2031
474		41012		172576		2024
475		41010		172640		2032
476		41018		172712		2031
477		40993		172785		2033
478		41005		172842		2033
479		41018		172910		2030
480		40998		172973		2025
481		41007		173028		2036
482		41029		173097		2040
483		41009		173183		2038
484		41017		173256		2045
485		41001		173330		2034
486		40994		173403		2037
487		41000		173472		2028
488		40994		173527		2037
489		41002		173590		2041
490		41007		173651		2045
491		40998		173715		2043
492		41003		173786		2042
493		41000		173861		2031
494		40986		173913		2023
495		40981		173959		2027
496		40975		174007		2025
497		40978		174055		2024
498		40971		174110		2025
499		40944		174159		2016
500		40947		174207		2022
501		40949		174259		2034
502		40939		174309		2035
503		40949		174368		2027
504		40955		174427		2031
505		40954		174480		2035
506		40966		174529		2028
507		40983		174583		2025
508		40999		174637		2029
509		41010		174697		2030
510		40993		174774		2028
511		40987		174832		2034
512		40993		174898		2031
513		40988		174956		2039
514		40980		175027		2036
515		40987		175091		2038
516		40984		175144		2029
517		40967		175211		2029
518		40948		175257		2027
519		40931		175304		2039
520		40926		175345		2034
521		40951		175407		2034
522		40954		175459		2029
523		40950		175508		2032
524		40924		175566		2032
525		40910		175610		2033
526		40915		175656		2044
527		40887		175698		2037
528		40899		175729		2032
529		40902		175757		2027
530		40893		175790		2036
531		40914		175830		2037
532		40926		175867		2030
533		40915		175904		2039
534		40922		175951		2034
535		40940		176005		2030
536		40935		176055		2030
537		40934		176102		2028
538		40921		176138		2028
539		40941		176174		2026
540		40924		176215		2026
541		40931		176261		2024
542		40923		176308		2029
543		40917		176348		2031
544		40921		176387		2025
545		40914		176426		2024
546		40913		176466		2025
547		40899		176509		2032
548		40905		176537		2025
549		40929		176574		2038
550		40921		176618		2025
551		40914		176664		2037
552		40915		176696		2033
553		40908		176745		2040
554		40907		176783		2036
555		40901		176809		2035
556		40903		176841		2032
557		40902		176873		2030
558		40905		176915		2033
559		40904		176940		2039
560		40918		176980		2036
561		40901		177025		2036
562		40912		177071		2043
563		40922		177116		2041
564		40913		177145		2037
565		40912		177177		2035
566		40906		177210		2032
567		40909		177255		2025
568		40902		177288		2034
569		40906		177328		2044
570		40916		177372		2049
571		40900		177405		2048
572		40894		177439		2038
573		40907		177479		2033
574		40895		177521		2039
575		40913		177559		2040
576		40901		177596		2036
577		40892		177632		2039
578		40894		177661		2036
579		40910		177679		2043
580		40907		177709		2048
581		40909		177743		2048
582		40906		177777		2041
583		40913		177803		2039
584		40905		177832		2042
585		40901		177861		2043
586		40900		177900		2041
587		40898		177921		2040
588		40897		177958		2040
589		40894		177983		2042
590		40896		178009		2031
591		40886		178039		2033
592		40895		178065		2031
593		40889		178098		2032
594		40885		178129		2030
595		40887		178154		2032
596		40879		178186		2033
597		40884		178215		2030
598		40888		178245		2021
599		40881		178280		2021
600		40878		178318		2032
601		40878		178338		2037
602		40877		178364		2031
603		40876		178387		2040
604		40875		178418		2035
605		40882		178447		2034
606		40878		178481		2037
607		40882		178510		2042
608		40881		178546		2028
609		40891		178580		2029
610		40886		178611		2028
611		40878		178638		2022
612		40871		178658		2028
613		40874		178674		2029
614		40873		178698		2024
615		40881		178721		2028
616		40881		178750		2030
617		40879		178772		2030
618		40891		178801		2031
619		40874		178827		2024
620		40876		178845		2026
621		40868		178861		2026
622		40878		178887		2032
623		40867		178918		2041
624		40868		178942		2040
625		40859		178969		2042
626		40863		178993		2041
627		40875		179016		2037
628		40853		179040		2028
629		40848		179052		2031
630		40855		179071		2027
631		40866		179089		2029
632		40873		179112		2032
633		40874		179133		2034
634		40882		179170		2037
635		40897		179196		2037
636		40881		179225		2028
637		40872		179245		2035
638		40865		179270		2036
639		40878		179291		2034
640		40884		179317		2030
641		40878		179351		2029
642		40878		179370		2026
643		40867		179404		2025
644		40866		179423		2030
645		40861		179441		2029
646		40857		179453		2030
647		40859		179470		2029
648		40856		179494		2028
649		40855		179518		2027
650		40854		179526		2027
651		40861		179540		2034
652		40850		179557		2034
653		40839		179571		2034
654		40850		179585		2034
655		40850		179600		2028
656		40856		179612		2027
657		40853		179637		2031
658		40852		179659		2035
659		40859		179677		2034
660		40859		179694		2038
661		40844		179714		2039
662		40847		179728		2036
663		40851		179748		2037
664		40853		179763		2038
665		40851		179780		2036
666		40850		179798		2034
667		40849		179815		2039
668		40850		179835		2041
669		40841		179853		2037
670		40851		179869		2036
671		40856		179882		2038
672		40858		179901		2031
673		40861		179915		2033
674		40863		179935		2034
675		40856		179950		2035
676		40853		179969		2036
677		40853		179983		2042
678		40849		180004		2030
679		40853		180024		2034
680		40843		180043		2035
681		40848		180060		2029
682		40849		180080		2036
683		40846		180097		2033
684		40841		180115		2033
685		40850		180123		2032
686		40847		180138		2033
687		40848		180150		2033
688		40847		180161		2035
689		40861		180178		2034
690		40861		180190		2036
691		40864		180204		2035
692		40862		180223		2039
693		40861		180238		2034
694		40859		180256		2031
695		40865		180271		2028
696		40865		180290		2032
697		40855		180301		2031
698		40852		180310		2036
699		40856		180322		2035
700		40848		180330		2034
701		40847		180339		2034
702		40844		180351		2034
703		40851		180364		2032
704		40837		180380		2032
705		40839		180390		2037
706		40847		180409		2031
707		40841		180419		2031
708		40840		180434		2034
709		40843		180447		2032
710		40846		180457		2032
711		40837		180470		2034
712		40827		180479		2036
713		40831		180484		2035
714		40828		180494		2035
715		40830		180503		2035
716		40833		180521		2040
717		40828		180524		2041
718		40831		180533		2039
719		40833		180537		2040
720		40834		180544		2035
721		40835		180557		2039
722		40832		180570		2039
723		40830		180577		2037
724		40827		180582		2037
725		40824		180592		2035
726		40828		180600		2033
727		40833		180610		2036
728		40832		180623		2034
729		40828		180636		2034
730		40826		180645		2034
731		40821		180654		2034
732		40825		180660		2031
733		40829		180668		2031
734		40833		180680		2031
735		40832		180688		2035
736		40832		180697		2031
737		40828		180711		2030
738		40820		180721		2029
739		40814		180727		2034
740		40816		180737		2035
741		40818		180742		2033
742		40824		180752		2038
743		40826		180759		2041
744		40824		180771		2044
745		40824		180780		2044
746		40825		180790		2042
747		40825		180799		2042
748		40825		180809		2039
749		40825		180816		2034
750		40823		180822		2035
751		40822		180825		2032
752		40823		180833		2032
753		40821		180842		2028
754		40828		180851		2027
755		40830		180861		2030
756		40826		180869		2031
757		40827		180875		2029
758		40836		180891		2035
759		40836		180897		2037
760		40833		180903		2038
761		40834		180912		2034
762		40835		180922		2037
763		40834		180929		2036
764		40836		180944		2040
765		40838		180948		2038
766		40838		180953		2039
767		40835		180964		2041
768		40835		180973		2040
769		40831		180985		2038
770		40834		180993		2041
771		40837		181000		2042
772		40831		181009		2035
773		40830		181026		2043
774		40829		181031		2042
775		40826		181039		2038
776		40831		181043		2037
777		40825		181052		2037
778		40822		181059		2040
779		40821		181067		2036
780		40820		181079		2034
781		40820		181085		2036
782		40816		181097		2034
783		40820		181106		2039
784		40820		181112		2038
785		40820		181119		2036
786		40821		181126		2033
787		40817		181137		2035
788		40819		181147		2039
789		40816		181152		2041
790		40815		181157		2041
791		40816		181160		2043
792		40815		181165		2043
793		40818		181172		2044
794		40812		181178		2041
795		40815		181183		2040
796		40814		181195		2038
797		40815		181200		2040
798		40813		181203		2040
799		40808		181207		2040
800		40811		181209		2040
801		40811		181213		2039
802		40808		181218		2041
803		40809		181222		2040
804		40805		181225		2038
805		40808		181228		2041
806		40807		181231		2041
807		40812		181235		2045
808		40811		181242		2043
809		40812		181245		2043
810		40812		181251		2039
811		40808		181260		2040
812		40807		181261		2040
813		40811		181267		2038
814		40809		181269		2038
815		40806		181275		2037
816		40808		181279		2035
817		40805		181282		2035
818		40806		181283		2036
819		40808		181286		2038
820		40807		181289		2036
821		40808		181292		2038
822		40807		181293		2038
823		40810		181295		2039
824		40805		181301		2039
825		40804		181303		2037
826		40799		181307		2036
827		40798		181310		2035
828		40799		181313		2036
829		40800		181314		2037
830		40800		181314		2037
831		40799		181317		2035
832		40800		181320		2035
833		40801		181326		2038
834		40803		181328		2038
835		40804		181336		2037
836		40805		181337		2037
837		40806		181338		2036
838		40805		181339		2036
839		40811		181344		2036
840		40808		181349		2037
841		40810		181353		2038
842		40812		181357		2040
843		40812		181359		2039
844		40815		181364		2041
845		40811		181368		2041
846		40810		181373		2041
847		40807		181376		2041
848		40807		181378		2043
849		40808		181379		2043
850		40809		181382		2045
851		40811		181387		2043
852		40810		181390		2046
853		40812		181394		2045
854		40810		181398		2044
855		40809		181401		2043
856		40810		181403		2043
857		40810		181407		2045
858		40809		181412		2044
859		40807		181416		2042
860		40806		181422		2041
861		40806		181424		2040
862		40807		181428		2039
863		40808		181432		2040
864		40808		181436		2039
865		40806		181441		2038
866		40802		181445		2038
867		40805		181449		2041
868		40808		181454		2042
869		40806		181459		2038
870		40805		181462		2038
871		40804		181463		2038
872		40805		181467		2040
873		40807		181469		2041
874		40803		181473		2044
875		40802		181474		2044
876		40804		181476		2042
877		40806		181480		2043
878		40807		181485		2041
879		40807		181489		2039
880		40807		181493		2039
881		40809		181499		2040
882		40808		181503		2037
883		40807		181508		2037
884		40805		181512		2036
885		40807		181514		2036
886		40808		181520		2033
887		40805		181522		2031
888		40804		181527		2034
889		40806		181530		2036
890		40804		181533		2039
891		40805		181540		2038
892		40800		181544		2038
893		40800		181544		2038
894		40802		181546		2038
895		40802		181550		2036
896		40802		181552		2034
897		40801		181553		2033
898		40801		181557		2037
899		40802		181558		2038
900		40802		181560		2040
901		40800		181563		2041
902		40800		181565		2039
903		40799		181568		2037
904		40800		181570		2036
905		40800		181572		2036
906		40799		181574		2038
907		40798		181575		2036
908		40796		181577		2037
909		40797		181580		2035
910		40798		181581		2035
911		40798		181581		2035
912		40798		181581		2035
913		40800		181583		2036
914		40799		181585		2037
915		40800		181586		2036
916		40802		181588		2038
917		40802		181590		2038
918		40802		181590		2038
919		40801		181591		2036
920		40802		181592		2037
921		40798		181596		2036
922		40797		181597		2036
923		40797		181599		2036
924		40797		181599		2036
925		40797		181599		2036
926		40797		181599		2036
927		40797		181599		2036
928		40797		181601		2035
929		40797		181601		2035
930		40797		181601		2035
931		40798		181604		2037
932		40798		181604		2037
933		40798		181604		2037
934		40798		181606		2038
935		40798		181608		2035
936		40798		181610		2036
937		40798		181610		2036
938		40797		181612		2035
939		40798		181613		2035
940		40799		181614		2035
941		40801		181616		2035
942		40802		181617		2035
943		40798		181621		2036
944		40797		181622		2036
945		40796		181625		2037
946		40798		181627		2038
947		40800		181629		2037
948		40797		181630		2037
949		40796		181633		2038
950		40797		181636		2038
951		40796		181637		2039
952		40796		181639		2038
953		40796		181639		2038
954		40796		181639		2038
955		40797		181640		2037
956		40797		181646		2039
957		40798		181647		2039
958		40799		181648		2037
959		40799		181648		2037
960		40797		181650		2036
961		40797		181652		2036
962		40796		181653		2035
963		40796		181653		2035
964		40796		181653		2035
965		40796		181653		2035
966		40796		181653		2035
967		40796		181653		2035
968		40796		181653		2035
969		40796		181655		2036
970		40796		181655		2036
971		40794		181657		2036
972		40795		181658		2036
973		40795		181658		2036
974		40795		181658		2036
975		40795		181658		2036
976		40796		181659		2037
977		40796		181659		2037
978		40797		181660		2037
979		40797		181660		2037
980		40796		181661		2035
981		40797		181662		2035
982		40797		181664		2036
983		40796		181665		2036
984		40797		181666		2037
985		40796		181667		2037
986		40795		181668		2038
987		40796		181671		2036
988		40795		181672		2037
989		40794		181673		2037
990		40794		181673		2037
991		40794		181673		2037
992		40794		181673		2037
993		40794		181673		2037
994		40794		181673		2037
995		40795		181674		2038
996		40795		181674		2038
997		40795		181674		2038
998		40795		181674		2038
999		40796		181675		2036
1000		40795		181676		2037
1001		40794		181677		2036
1002		40793		181678		2034
1003		40793		181678		2034
1004		40793		181678		2034
1005		40793		181678		2034
1006		40793		181678		2034
1007		40793		181678		2034
1008		40793		181678		2034
1009		40793		181678		2034
1010		40792		181679		2033
1011		40791		181680		2033
1012		40791		181680		2033
1013		40791		181680		2033
1014		40791		181680		2033
1015		40791		181680		2033
1016		40791		181680		2033
1017		40791		181680		2033
1018		40791		181680		2033
1019		40791		181680		2033
1020		40791		181680		2033
1021		40791		181680		2033
1022		40791		181680		2033
1023		40791		181680		2033
1024		40791		181680		2033
1025		40791		181680		2033
1026		40791		181680		2033
1027		40791		181680		2033
1028		40791		181680		2033
1029		40791		181680		2033
