# Migration is number of nodes that have changed color.

Round		Edge-Cut		Swaps		Migrations		Skipped
0		78366		1940		2045
1		58759		2875		2029
2		50693		3424		2057
3		47252		3843		2033
4		45451		4196		2049
5		44275		4527		2057
6		43802		4796		2045
7		43231		5046		2061
8		43103		5275		2046
9		43000		5513		2051
10		42874		5746		2067
11		42824		5985		2074
12		42663		6232		2083
13		42541		6454		2073
14		42563		6702		2082
15		42570		6931		2072
16		42468		7149		2080
17		42414		7400		2060
18		42348		7618		2079
19		42368		7854		2068
20		42316		8095		2053
21		42296		8324		2072
22		42194		8551		2072
23		42151		8737		2074
24		42145		8940		2074
25		42221		9163		2070
26		42195		9361		2065
27		42162		9589		2065
28		42179		9795		2060
29		42154		10024		2042
30		42102		10215		2052
31		42091		10406		2056
32		42041		10593		2039
33		42016		10786		2046
34		41981		10971		2061
35		41944		11154		2049
36		41906		11325		2058
37		41928		11471		2058
38		41949		11655		2083
39		41955		11822		2064
40		41963		11986		2045
41		41987		12166		2063
42		41966		12315		2074
43		41927		12483		2063
44		41937		12656		2049
45		41931		12819		2055
46		41943		12986		2058
47		41869		13155		2040
48		41867		13317		2040
49		41872		13462		2046
50		41867		13627		2057
51		41869		13796		2054
52		41805		13930		2055
53		41847		14099		2054
54		41806		14279		2056
55		41516		14444		2065
56		41469		14607		2057
57		41422		14741		2058
58		41407		14864		2072
59		41372		14992		2059
60		41307		15114		2056
61		41285		15236		2070
62		41298		15387		2083
63		41285		15537		2069
64		41286		15676		2068
65		41296		15821		2064
66		41287		15967		2073
67		41261		16098		2081
68		41261		16219		2082
69		41238		16347		2064
70		41285		16467		2061
71		41255		16600		2060
72		41231		16714		2076
73		41237		16829		2070
74		41187		16945		2069
75		41212		17054		2072
76		41187		17149		2072
77		41242		17271		2077
78		41225		17385		2068
79		41224		17505		2069
80		41249		17633		2058
81		41223		17746		2071
82		41250		17867		2061
83		41246		17987		2063
84		41205		18108		2057
85		41188		18242		2057
86		41217		18360		2057
87		41183		18471		2073
88		41199		18597		2071
89		41179		18728		2056
90		41190		18848		2065
91		41189		18959		2059
92		41144		19065		2076
93		41166		19179		2064
94		41138		19281		2073
95		41152		19389		2057
96		41173		19500		2059
97		41144		19605		2058
98		41132		19718		2083
99		41106		19821		2066
100		41146		19926		2063
101		41129		20027		2065
102		41123		20139		2072
103		41129		20246		2061
104		41145		20342		2046
105		41117		20433		2045
106		41118		20520		2064
107		41115		20623		2078
108		41092		20735		2075
109		41061		20816		2069
110		41055		20898		2058
111		41085		20991		2054
112		41071		21068		2061
113		41075		21153		2041
114		41094		21258		2060
115		41060		21351		2063
116		41038		21434		2068
117		41032		21501		2071
118		41051		21585		2069
119		41078		21675		2063
120		41091		21776		2074
121		41077		21863		2070
122		41059		21951		2072
123		41066		22040		2076
124		41095		22125		2062
125		41086		22211		2070
126		41056		22304		2081
127		41022		22387		2064
128		41031		22458		2067
129		41022		22525		2073
130		41019		22592		2076
131		41040		22661		2075
132		41032		22729		2066
133		41066		22801		2075
134		41058		22886		2065
135		41071		22962		2061
136		41068		23056		2065
137		41050		23135		2058
138		41075		23210		2059
139		41099		23299		2062
140		41084		23389		2048
141		41072		23464		2052
142		41057		23536		2061
143		41077		23610		2053
144		41059		23695		2056
145		41020		23777		2058
146		41009		23833		2057
147		40987		23895		2062
148		40982		23951		2061
149		40965		24004		2063
150		40971		24059		2058
151		40993		24130		2055
152		40968		24207		2057
153		41013		24290		2056
154		40997		24365		2047
155		41014		24432		2041
156		41007		24499		2049
157		40996		24561		2047
158		40981		24611		2048
159		41023		24684		2059
160		41009		24742		2057
161		41016		24821		2060
162		41010		24893		2058
163		40998		24960		2060
164		41004		25015		2072
165		41013		25086		2065
166		41011		25160		2067
167		41015		25220		2059
168		41018		25288		2066
169		41031		25373		2067
170		41022		25443		2069
171		41032		25514		2064
172		41025		25594		2062
173		40984		25659		2062
174		40992		25728		2046
175		41003		25791		2047
176		40992		25861		2041
177		40980		25923		2053
178		40970		25976		2064
179		40976		26033		2066
180		40992		26094		2066
181		41013		26160		2060
182		41016		26237		2061
183		40992		26308		2054
184		41005		26363		2063
185		41007		26415		2070
186		40985		26465		2065
187		40987		26520		2069
188		40985		26572		2071
189		40977		26636		2061
190		40974		26683		2072
191		40970		26723		2067
192		40960		26776		2062
193		40991		26848		2060
194		40979		26911		2051
195		40963		26971		2047
196		40981		27024		2054
197		40976		27088		2058
198		40965		27126		2070
199		40985		27181		2072
200		40984		27235		2070
201		40989		27288		2069
202		40966		27338		2066
203		40948		27379		2074
204		40958		27422		2073
205		40970		27474		2076
206		40956		27525		2067
207		40969		27580		2071
208		40980		27649		2070
209		40959		27699		2072
210		40973		27755		2064
211		40968		27813		2059
212		40967		27854		2051
213		40961		27894		2048
214		40958		27943		2054
215		40960		27992		2063
216		40941		28041		2061
217		40931		28088		2056
218		40945		28145		2057
219		40943		28194		2057
220		40927		28245		2072
221		40940		28291		2062
222		40920		28333		2059
223		40936		28383		2061
224		40942		28430		2059
225		40935		28480		2064
226		40930		28525		2055
227		40947		28585		2046
228		40940		28627		2046
229		40935		28670		2049
230		40930		28715		2049
231		40906		28753		2047
232		40921		28784		2056
233		40915		28810		2053
234		40910		28846		2051
235		40928		28881		2049
236		40916		28909		2051
237		40904		28941		2049
238		40898		28976		2050
239		40902		29002		2049
240		40910		29040		2057
241		40920		29072		2062
242		40925		29125		2056
243		40915		29176		2073
244		40923		29210		2060
245		40915		29247		2062
246		40917		29286		2060
247		40909		29333		2059
248		40910		29369		2055
249		40908		29406		2051
250		40921		29438		2045
251		40912		29467		2052
252		40900		29494		2055
253		40914		29537		2054
254		40928		29575		2057
255		40927		29616		2068
256		40915		29644		2067
257		40916		29681		2068
258		40910		29707		2071
259		40920		29747		2070
260		40908		29783		2063
261		40905		29817		2055
262		40909		29855		2050
263		40898		29887		2050
264		40888		29920		2064
265		40885		29955		2067
266		40901		29981		2074
267		40885		30007		2069
268		40882		30042		2074
269		40887		30061		2073
270		40875		30099		2068
271		40876		30125		2069
272		40884		30146		2063
273		40883		30165		2063
274		40880		30193		2062
275		40883		30228		2063
276		40880		30261		2067
277		40884		30286		2069
278		40900		30316		2071
279		40889		30344		2070
280		40878		30369		2066
281		40887		30401		2066
282		40887		30429		2061
283		40887		30456		2063
284		40890		30480		2066
285		40906		30507		2071
286		40910		30539		2069
287		40908		30572		2073
288		40893		30605		2070
289		40890		30634		2081
290		40890		30663		2071
291		40882		30687		2069
292		40884		30712		2069
293		40897		30734		2071
294		40903		30762		2071
295		40889		30791		2054
296		40897		30811		2057
297		40890		30852		2054
298		40886		30863		2059
299		40894		30901		2062
300		40896		30920		2064
301		40901		30942		2057
302		40897		30970		2058
303		40888		30996		2060
304		40883		31023		2063
305		40886		31045		2060
306		40879		31063		2059
307		40879		31078		2057
308		40868		31103		2059
309		40861		31127		2060
310		40875		31158		2067
311		40860		31188		2056
312		40862		31208		2058
313		40860		31222		2061
314		40865		31243		2059
315		40870		31265		2061
316		40856		31292		2059
317		40861		31308		2065
318		40860		31331		2063
319		40853		31358		2066
320		40864		31383		2072
321		40858		31401		2072
322		40860		31425		2077
323		40868		31447		2073
324		40859		31474		2075
325		40858		31486		2071
326		40853		31501		2071
327		40852		31521		2067
328		40854		31540		2060
329		40863		31560		2064
330		40861		31579		2064
331		40857		31604		2069
332		40850		31633		2062
333		40854		31650		2056
334		40857		31664		2053
335		40856		31687		2054
336		40849		31710		2059
337		40855		31723		2058
338		40863		31740		2062
339		40863		31758		2066
340		40861		31776		2069
341		40870		31788		2065
342		40877		31812		2063
343		40876		31829		2064
344		40887		31859		2066
345		40878		31883		2067
346		40875		31906		2058
347		40876		31923		2056
348		40876		31945		2056
349		40869		31953		2055
350		40869		31971		2058
351		40865		31985		2060
352		40866		32010		2059
353		40866		32031		2062
354		40862		32048		2063
355		40856		32068		2062
356		40858		32078		2063
357		40852		32089		2060
358		40844		32104		2056
359		40850		32123		2054
360		40855		32136		2055
361		40861		32151		2058
362		40861		32163		2061
363		40858		32179		2059
364		40868		32197		2057
365		40868		32213		2055
366		40865		32233		2057
367		40866		32254		2058
368		40858		32272		2058
369		40850		32284		2057
370		40849		32309		2057
371		40858		32323		2055
372		40853		32337		2058
373		40849		32363		2054
374		40851		32376		2055
375		40855		32391		2058
376		40853		32405		2057
377		40846		32429		2056
378		40853		32450		2054
379		40855		32466		2058
380		40854		32484		2063
381		40855		32493		2066
382		40852		32507		2069
383		40847		32526		2070
384		40842		32539		2068
385		40839		32550		2067
386		40836		32562		2069
387		40840		32578		2066
388		40848		32599		2067
389		40846		32615		2061
390		40842		32628		2065
391		40837		32638		2066
392		40835		32645		2066
393		40839		32655		2066
394		40836		32677		2071
395		40837		32686		2071
396		40837		32692		2066
397		40837		32698		2060
398		40840		32708		2056
399		40843		32720		2061
400		40837		32729		2063
401		40842		32739		2065
402		40844		32749		2066
403		40845		32762		2064
404		40846		32769		2065
405		40846		32785		2063
406		40847		32799		2060
407		40846		32814		2064
408		40839		32828		2058
409		40836		32841		2059
410		40834		32852		2058
411		40831		32860		2062
412		40830		32870		2062
413		40827		32877		2061
414		40825		32884		2057
415		40831		32889		2055
416		40836		32895		2056
417		40828		32905		2057
418		40829		32909		2063
419		40825		32922		2065
420		40830		32930		2068
421		40833		32940		2066
422		40836		32949		2069
423		40841		32959		2066
424		40841		32970		2069
425		40832		32981		2070
426		40827		32996		2077
427		40827		33001		2075
428		40824		33008		2075
429		40823		33020		2078
430		40829		33026		2077
431		40829		33036		2079
432		40831		33044		2071
433		40831		33057		2072
434		40831		33071		2071
435		40827		33083		2074
436		40826		33090		2074
437		40826		33099		2072
438		40829		33109		2073
439		40827		33126		2073
440		40826		33133		2071
441		40828		33143		2069
442		40834		33151		2072
443		40838		33156		2070
444		40835		33165		2069
445		40840		33178		2073
446		40831		33198		2077
447		40825		33203		2079
448		40826		33209		2078
449		40831		33222		2074
450		40829		33229		2080
451		40832		33237		2080
452		40835		33244		2079
453		40832		33253		2078
454		40827		33265		2068
455		40827		33271		2066
456		40833		33282		2065
457		40828		33291		2066
458		40831		33300		2067
459		40824		33310		2069
460		40823		33317		2070
461		40818		33324		2070
462		40820		33330		2066
463		40819		33334		2067
464		40822		33340		2068
465		40823		33348		2068
466		40824		33359		2069
467		40822		33363		2068
468		40821		33368		2069
469		40821		33377		2068
470		40815		33387		2069
471		40817		33392		2068
472		40816		33393		2068
473		40817		33398		2069
474		40820		33406		2072
475		40820		33406		2072
476		40821		33414		2073
477		40820		33425		2072
478		40821		33431		2073
479		40822		33435		2073
480		40821		33440		2070
481		40824		33446		2070
482		40822		33448		2069
483		40819		33453		2070
484		40823		33465		2075
485		40825		33472		2072
486		40827		33479		2070
487		40820		33490		2069
488		40821		33499		2068
489		40823		33502		2067
490		40824		33509		2070
491		40822		33515		2071
492		40822		33519		2071
493		40822		33519		2071
494		40819		33528		2070
495		40820		33533		2068
496		40819		33537		2068
497		40821		33543		2070
498		40819		33547		2066
499		40823		33558		2068
500		40819		33562		2067
501		40816		33564		2067
502		40817		33569		2066
503		40823		33575		2061
504		40819		33579		2062
505		40818		33584		2060
506		40818		33586		2061
507		40817		33592		2060
508		40816		33597		2063
509		40818		33599		2063
510		40818		33603		2063
511		40814		33612		2066
512		40811		33621		2062
513		40814		33623		2062
514		40819		33628		2061
515		40815		33632		2062
516		40815		33635		2058
517		40814		33640		2058
518		40814		33644		2063
519		40816		33646		2062
520		40814		33653		2063
521		40814		33658		2060
522		40815		33665		2061
523		40816		33669		2061
524		40808		33675		2064
525		40806		33677		2064
526		40806		33677		2064
527		40808		33679		2064
528		40809		33680		2065
529		40811		33684		2065
530		40812		33685		2067
531		40815		33692		2066
532		40819		33696		2062
533		40820		33699		2064
534		40822		33704		2064
535		40824		33710		2064
536		40819		33718		2065
537		40816		33725		2065
538		40815		33727		2063
539		40813		33731		2063
540		40813		33733		2062
541		40814		33738		2061
542		40816		33742		2061
543		40814		33744		2064
544		40813		33748		2063
545		40814		33754		2063
546		40815		33755		2064
547		40810		33759		2063
548		40811		33762		2064
549		40810		33763		2063
550		40810		33763		2063
551		40810		33763		2063
552		40812		33767		2064
553		40810		33769		2064
554		40810		33773		2065
555		40806		33776		2065
556		40804		33782		2060
557		40806		33784		2061
558		40808		33786		2063
559		40809		33789		2063
560		40809		33791		2063
561		40810		33794		2060
562		40809		33799		2061
563		40810		33800		2062
564		40807		33802		2061
565		40808		33803		2060
566		40807		33804		2060
567		40809		33808		2057
568		40808		33809		2057
569		40810		33810		2058
570		40808		33813		2057
571		40809		33816		2058
572		40808		33817		2057
573		40808		33819		2058
574		40807		33820		2059
575		40805		33821		2059
576		40805		33821		2059
577		40806		33824		2061
578		40806		33826		2059
579		40806		33826		2059
580		40808		33828		2059
581		40808		33828		2059
582		40809		33829		2060
583		40810		33830		2060
584		40810		33832		2061
585		40812		33834		2062
586		40812		33837		2062
587		40813		33842		2062
588		40811		33843		2063
589		40810		33844		2064
590		40808		33846		2063
591		40807		33847		2062
592		40807		33849		2059
593		40808		33850		2058
594		40806		33852		2058
595		40805		33853		2059
596		40808		33858		2059
597		40807		33859		2060
598		40808		33860		2059
599		40806		33862		2059
600		40805		33863		2060
601		40804		33864		2061
602		40807		33867		2063
603		40808		33868		2063
604		40811		33872		2063
605		40807		33876		2061
606		40808		33877		2059
607		40807		33878		2059
608		40808		33879		2059
609		40807		33880		2059
610		40807		33884		2056
611		40807		33884		2056
612		40807		33886		2058
613		40807		33886		2058
614		40808		33887		2058
615		40808		33889		2059
616		40809		33890		2061
617		40809		33890		2061
618		40810		33891		2062
619		40809		33892		2063
620		40808		33894		2062
621		40808		33894		2062
622		40808		33894		2062
623		40807		33895		2062
624		40809		33896		2063
625		40808		33897		2065
626		40810		33899		2065
627		40810		33899		2065
628		40807		33901		2065
629		40807		33901		2065
630		40806		33904		2065
631		40806		33908		2068
632		40804		33910		2067
633		40806		33912		2068
634		40806		33912		2068
635		40806		33914		2068
636		40805		33915		2067
637		40804		33916		2067
638		40805		33917		2067
639		40803		33919		2064
640		40803		33919		2064
641		40802		33920		2063
642		40801		33921		2063
643		40800		33922		2065
644		40801		33923		2064
645		40801		33925		2064
646		40801		33925		2064
647		40801		33925		2064
648		40802		33926		2064
649		40801		33927		2065
650		40801		33929		2065
651		40800		33930		2065
652		40800		33930		2065
653		40801		33931		2066
654		40801		33931		2066
655		40801		33931		2066
656		40801		33931		2066
657		40801		33931		2066
658		40800		33932		2065
659		40799		33933		2063
660		40799		33933		2063
661		40799		33933		2063
662		40799		33933		2063
663		40799		33933		2063
664		40798		33934		2063
665		40797		33935		2064
666		40798		33936		2065
667		40797		33937		2065
668		40797		33937		2065
669		40797		33937		2065
670		40797		33937		2065
671		40798		33938		2064
672		40799		33939		2065
673		40799		33939		2065
674		40799		33939		2065
675		40799		33939		2065
676		40799		33939		2065
677		40800		33940		2065
678		40800		33940		2065
679		40799		33941		2065
680		40800		33942		2067
681		40801		33943		2067
682		40801		33945		2067
683		40799		33947		2067
684		40801		33949		2071
685		40800		33952		2072
686		40798		33954		2071
687		40798		33954		2071
688		40798		33954		2071
689		40798		33954		2071
690		40798		33954		2071
691		40800		33958		2070
692		40800		33958		2070
693		40800		33958		2070
694		40801		33960		2069
695		40801		33960		2069
696		40803		33962		2069
697		40802		33963		2071
698		40800		33965		2069
699		40800		33965		2069
700		40800		33965		2069
701		40800		33965		2069
702		40800		33967		2072
703		40799		33968		2072
704		40799		33968		2072
705		40799		33968		2072
706		40798		33969		2071
707		40798		33969		2071
708		40798		33969		2071
709		40798		33969		2071
710		40798		33969		2071
711		40798		33969		2071
712		40799		33970		2071
713		40798		33971		2071
714		40797		33972		2070
715		40797		33972		2070
716		40797		33972		2070
717		40797		33972		2070
718		40798		33973		2069
719		40798		33973		2069
720		40798		33973		2069
721		40798		33973		2069
722		40798		33973		2069
723		40799		33974		2069
724		40799		33974		2069
725		40798		33975		2068
726		40798		33975		2068
727		40799		33976		2068
728		40800		33977		2068
729		40798		33978		2068
730		40798		33978		2068
731		40798		33978		2068
732		40799		33979		2069
733		40799		33979		2069
734		40797		33981		2071
735		40797		33981		2071
736		40797		33981		2071
737		40797		33981		2071
738		40797		33981		2071
739		40797		33981		2071
740		40797		33981		2071
741		40797		33981		2071
742		40797		33981		2071
743		40797		33983		2072
744		40797		33983		2072
745		40797		33983		2072
746		40798		33984		2073
747		40798		33984		2073
748		40797		33985		2074
749		40797		33985		2074
750		40797		33985		2074
751		40797		33985		2074
752		40797		33985		2074
753		40798		33986		2076
754		40797		33987		2076
755		40797		33987		2076
756		40797		33987		2076
757		40796		33988		2074
758		40796		33988		2074
759		40796		33988		2074
760		40796		33988		2074
761		40796		33988		2074
762		40795		33989		2073
763		40796		33990		2073
764		40795		33991		2073
765		40795		33991		2073
766		40795		33991		2073
767		40795		33991		2073
768		40795		33991		2073
769		40795		33991		2073
770		40796		33992		2072
771		40796		33992		2072
772		40796		33992		2072
773		40796		33992		2072
774		40796		33992		2072
775		40796		33992		2072
776		40796		33992		2072
777		40796		33992		2072
778		40795		33993		2072
779		40795		33993		2072
780		40795		33993		2072
781		40795		33993		2072
782		40795		33993		2072
783		40795		33993		2072
784		40795		33993		2072
785		40795		33993		2072
786		40795		33993		2072
787		40795		33993		2072
788		40795		33993		2072
789		40795		33993		2072
790		40795		33993		2072
791		40795		33993		2072
792		40795		33993		2072
793		40795		33993		2072
794		40795		33993		2072
795		40795		33993		2072
796		40795		33993		2072
797		40795		33993		2072
798		40795		33993		2072
799		40795		33993		2072
800		40795		33993		2072
801		40795		33993		2072
802		40795		33993		2072
803		40796		33994		2072
804		40796		33994		2072
805		40795		33995		2072
806		40795		33995		2072
807		40795		33995		2072
808		40795		33995		2072
809		40795		33995		2072
810		40795		33995		2072
811		40795		33995		2072
812		40795		33995		2072
813		40795		33995		2072
814		40795		33995		2072
815		40795		33995		2072
816		40795		33995		2072
817		40795		33995		2072
818		40795		33995		2072
819		40796		33996		2072
820		40796		33996		2072
821		40796		33996		2072
822		40795		33997		2073
823		40795		33997		2073
824		40795		33997		2073
825		40795		33997		2073
826		40796		33998		2073
827		40796		33998		2073
828		40795		33999		2073
829		40795		33999		2073
830		40795		33999		2073
831		40795		33999		2073
832		40795		33999		2073
833		40795		33999		2073
834		40795		33999		2073
835		40795		33999		2073
836		40795		33999		2073
837		40795		33999		2073
838		40795		33999		2073
839		40795		33999		2073
840		40795		33999		2073
841		40795		33999		2073
842		40795		33999		2073
843		40795		33999		2073
844		40795		33999		2073
845		40795		33999		2073
846		40795		33999		2073
847		40795		33999		2073
848		40795		33999		2073
849		40795		33999		2073
850		40795		33999		2073
851		40795		33999		2073
852		40795		33999		2073
853		40795		33999		2073
854		40795		33999		2073
855		40795		33999		2073
856		40795		33999		2073
857		40795		33999		2073
858		40795		33999		2073
859		40795		33999		2073
860		40795		33999		2073
861		40795		33999		2073
862		40795		33999		2073
863		40795		33999		2073
864		40795		33999		2073
865		40795		33999		2073
866		40795		33999		2073
867		40795		33999		2073
868		40795		33999		2073
869		40795		33999		2073
870		40795		33999		2073
871		40795		33999		2073
872		40795		33999		2073
873		40795		33999		2073
874		40795		33999		2073
875		40795		33999		2073
876		40795		33999		2073
877		40795		33999		2073
878		40795		33999		2073
879		40795		33999		2073
880		40795		33999		2073
881		40795		33999		2073
882		40795		33999		2073
883		40795		33999		2073
884		40795		33999		2073
885		40795		33999		2073
886		40795		33999		2073
887		40795		33999		2073
888		40795		33999		2073
889		40795		33999		2073
890		40795		33999		2073
891		40795		33999		2073
892		40795		33999		2073
893		40795		33999		2073
894		40795		33999		2073
895		40795		33999		2073
896		40795		33999		2073
897		40795		33999		2073
898		40795		33999		2073
899		40795		33999		2073
900		40795		33999		2073
901		40795		33999		2073
902		40795		33999		2073
903		40795		33999		2073
904		40795		33999		2073
905		40795		33999		2073
906		40795		33999		2073
907		40795		33999		2073
908		40795		33999		2073
909		40795		33999		2073
910		40795		33999		2073
911		40795		33999		2073
912		40795		33999		2073
913		40795		33999		2073
914		40795		33999		2073
915		40795		33999		2073
916		40795		33999		2073
917		40795		33999		2073
918		40795		33999		2073
919		40795		33999		2073
920		40795		33999		2073
921		40795		33999		2073
922		40795		33999		2073
923		40795		33999		2073
924		40795		33999		2073
925		40795		33999		2073
926		40795		33999		2073
927		40795		33999		2073
928		40795		33999		2073
929		40795		33999		2073
930		40795		33999		2073
931		40795		33999		2073
932		40795		33999		2073
933		40795		33999		2073
934		40795		33999		2073
935		40795		33999		2073
936		40795		33999		2073
937		40795		33999		2073
938		40795		33999		2073
939		40795		33999		2073
940		40795		33999		2073
941		40795		33999		2073
942		40795		33999		2073
943		40795		33999		2073
944		40795		33999		2073
945		40795		33999		2073
946		40795		33999		2073
947		40795		33999		2073
948		40795		33999		2073
949		40795		33999		2073
950		40795		33999		2073
951		40795		33999		2073
952		40795		33999		2073
953		40795		33999		2073
954		40795		33999		2073
955		40795		33999		2073
956		40795		33999		2073
957		40795		33999		2073
958		40795		33999		2073
959		40795		33999		2073
960		40795		33999		2073
961		40795		33999		2073
962		40795		33999		2073
963		40795		33999		2073
964		40795		33999		2073
965		40795		33999		2073
966		40795		33999		2073
967		40795		33999		2073
968		40795		33999		2073
969		40795		33999		2073
970		40795		33999		2073
971		40795		33999		2073
972		40795		33999		2073
973		40795		33999		2073
974		40795		33999		2073
975		40795		33999		2073
976		40795		33999		2073
977		40795		33999		2073
978		40795		33999		2073
979		40795		33999		2073
980		40795		33999		2073
981		40795		33999		2073
982		40795		33999		2073
983		40795		33999		2073
984		40795		33999		2073
985		40795		33999		2073
986		40795		33999		2073
987		40795		33999		2073
988		40795		33999		2073
989		40795		33999		2073
990		40795		33999		2073
991		40795		33999		2073
992		40795		33999		2073
993		40795		33999		2073
994		40795		33999		2073
995		40795		33999		2073
996		40795		33999		2073
997		40795		33999		2073
998		40795		33999		2073
999		40795		33999		2073
1000		40795		33999		2073
1001		40795		33999		2073
1002		40795		33999		2073
1003		40795		33999		2073
1004		40795		33999		2073
1005		40795		33999		2073
1006		40795		33999		2073
1007		40795		33999		2073
1008		40795		33999		2073
1009		40795		33999		2073
1010		40795		33999		2073
1011		40795		33999		2073
1012		40795		33999		2073
1013		40795		33999		2073
1014		40795		33999		2073
1015		40795		33999		2073
1016		40795		33999		2073
1017		40795		33999		2073
1018		40795		33999		2073
1019		40795		33999		2073
1020		40795		33999		2073
1021		40795		33999		2073
1022		40795		33999		2073
1023		40795		33999		2073
1024		40795		33999		2073
1025		40795		33999		2073
1026		40795		33999		2073
1027		40795		33999		2073
1028		40795		33999		2073
1029		40795		33999		2073
