# Migration is number of nodes that have changed color.

Round		Edge-Cut		Swaps		Migrations		Skipped
0		82199		1911		2047
1		59478		2875		2064
2		51994		3458		2065
3		47635		3896		2049
4		45396		4246		2042
5		44346		4552		2038
6		43844		4834		2048
7		43336		5065		2055
8		43168		5274		2058
9		42851		5504		2041
10		42782		5736		2054
11		42600		5937		2047
12		42595		6141		2050
13		42587		6361		2054
14		42426		6611		2071
15		42220		6864		2044
16		42011		7097		2041
17		41912		7323		2042
18		41805		7537		2043
19		41711		7752		2059
20		41669		7963		2043
21		41675		8166		2040
22		41570		8377		2058
23		41613		8582		2049
24		41591		8814		2055
25		41552		9026		2028
26		41519		9226		2028
27		41507		9401		2057
28		41499		9594		2065
29		41486		9779		2045
30		41454		9969		2029
31		41436		10167		2039
32		41342		10341		2024
33		41344		10515		2039
34		41427		10689		2049
35		41376		10874		2034
36		41391		11055		2028
37		41406		11236		2027
38		41348		11423		2046
39		41380		11572		2049
40		41424		11766		2042
41		41348		11957		2028
42		41320		12128		2058
43		41338		12274		2033
44		41362		12446		2042
45		41327		12604		2032
46		41327		12763		2031
47		41388		12925		2044
48		41396		13107		2032
49		41414		13301		2037
50		41447		13532		2042
51		41469		13739		2050
52		41408		13950		2035
53		41449		14143		2049
54		41365		14335		2039
55		41365		14520		2055
56		41361		14710		2034
57		41316		14890		2031
58		41303		15060		2043
59		41361		15241		2047
60		41405		15450		2041
61		41357		15654		2031
62		41359		15844		2044
63		41342		16024		2039
64		41334		16173		2049
65		41296		16327		2044
66		41318		16505		2028
67		41391		16688		2042
68		41428		16886		2040
69		41329		17083		2033
70		41343		17263		2041
71		41377		17455		2021
72		41385		17629		2031
73		41313		17819		2016
74		41306		18020		2035
75		41303		18184		2035
76		41315		18363		2027
77		41322		18541		2021
78		41384		18727		2046
79		41367		18938		2059
80		41343		19109		2037
81		41283		19268		2033
82		41309		19432		2055
83		41370		19598		2044
84		41382		19761		2044
85		41338		19947		2033
86		41280		20123		2037
87		41334		20305		2033
88		41287		20482		2030
89		41257		20643		2030
90		41304		20810		2046
91		41287		20964		2049
92		41279		21113		2033
93		41299		21285		2032
94		41307		21430		2030
95		41261		21587		2030
96		41253		21746		2048
97		41334		21922		2041
98		41343		22103		2051
99		41297		22276		2048
100		41252		22417		2040
101		41249		22579		2037
102		41281		22717		2044
103		41261		22873		2034
104		41226		23013		2045
105		41314		23181		2042
106		41330		23355		2035
107		41292		23537		2041
108		41355		23720		2056
109		41320		23896		2050
110		41341		24084		2037
111		41302		24255		2032
112		41230		24408		2038
113		41320		24571		2043
114		41294		24730		2029
115		41318		24920		2022
116		41273		25095		2040
117		41296		25276		2038
118		41276		25454		2046
119		41263		25631		2049
120		41252		25796		2028
121		41256		25972		2041
122		41224		26144		2047
123		41244		26311		2048
124		41240		26478		2047
125		41254		26647		2051
126		41227		26817		2039
127		41276		26991		2036
128		41232		27159		2045
129		41324		27325		2067
130		41306		27525		2032
131		41300		27712		2032
132		41279		27863		2056
133		41294		28029		2044
134		41314		28203		2019
135		41284		28390		2043
136		41311		28573		2040
137		41312		28754		2063
138		41294		28931		2063
139		41316		29084		2048
140		41313		29236		2036
141		41218		29404		2031
142		41198		29569		2029
143		41189		29701		2030
144		41203		29851		2025
145		41175		29997		2031
146		41225		30143		2035
147		41215		30287		2057
148		41185		30459		2044
149		41243		30603		2044
150		41214		30754		2043
151		41169		30902		2046
152		41170		31030		2048
153		41213		31170		2063
154		41207		31315		2055
155		41217		31468		2048
156		41232		31645		2034
157		41302		31823		2039
158		41264		31989		2041
159		41211		32154		2042
160		41212		32286		2046
161		41210		32420		2041
162		41218		32575		2043
163		41237		32710		2039
164		41271		32886		2036
165		41198		33078		2034
166		41200		33223		2050
167		41232		33392		2047
168		41201		33573		2040
169		41180		33740		2033
170		41180		33885		2047
171		41195		34038		2032
172		41231		34198		2021
173		41265		34348		2020
174		41224		34490		2028
175		41222		34639		2043
176		41251		34799		2045
177		41239		34963		2054
178		41247		35132		2053
179		41237		35280		2030
180		41211		35434		2037
181		41221		35589		2037
182		41240		35735		2055
183		41159		35880		2042
184		41217		36025		2059
185		41185		36167		2034
186		41192		36303		2058
187		41197		36443		2051
188		41218		36592		2042
189		41195		36752		2039
190		41154		36896		2046
191		41207		37060		2051
192		41208		37203		2053
193		41194		37362		2031
194		41198		37513		2041
195		41292		37671		2045
196		41286		37832		2046
197		41222		37985		2058
198		41226		38112		2042
199		41278		38253		2028
200		41191		38410		2036
201		41203		38553		2034
202		41192		38692		2032
203		41215		38824		2052
204		41152		38956		2045
205		41122		39098		2059
206		41207		39238		2043
207		41193		39377		2050
208		41170		39506		2056
209		41172		39626		2039
210		41174		39746		2033
211		41240		39880		2049
212		41187		40019		2041
213		41228		40173		2039
214		41267		40343		2038
215		41187		40495		2035
216		41161		40631		2030
217		41210		40762		2026
218		41228		40911		2040
219		41204		41045		2042
220		41211		41182		2055
221		41215		41306		2049
222		41243		41452		2039
223		41209		41599		2024
224		41198		41753		2033
225		41229		41889		2041
226		41194		42032		2025
227		41178		42170		2042
228		41142		42293		2042
229		41178		42419		2053
230		41229		42547		2041
231		41159		42697		2035
232		41126		42834		2029
233		41141		42965		2042
234		41171		43081		2033
235		41199		43206		2031
236		41231		43353		2038
237		41167		43477		2035
238		41202		43627		2048
239		41167		43778		2033
240		41183		43921		2037
241		41178		44076		2040
242		41176		44214		2036
243		41225		44375		2036
244		41184		44540		2043
245		41169		44667		2044
246		41167		44796		2054
247		41181		44941		2026
248		41242		45083		2029
249		41247		45231		2027
250		41241		45388		2018
251		41236		45551		2044
252		41253		45709		2046
253		41276		45864		2037
254		41223		46015		2034
255		41213		46161		2027
256		41201		46330		2034
257		41200		46457		2033
258		41169		46605		2038
259		41189		46774		2044
260		41213		46924		2049
261		41150		47077		2053
262		41200		47209		2041
263		41188		47355		2042
264		41162		47470		2037
265		41200		47592		2043
266		41182		47710		2046
267		41204		47850		2038
268		41233		47979		2038
269		41180		48112		2036
270		41184		48246		2036
271		41233		48374		2043
272		41204		48514		2031
273		41181		48674		2051
274		41141		48817		2032
275		41169		48948		2046
276		41161		49086		2051
277		41190		49211		2046
278		41174		49330		2035
279		41172		49471		2042
280		41182		49597		2045
281		41193		49731		2041
282		41214		49863		2027
283		41243		50017		2019
284		41277		50185		2004
285		41277		50336		2009
286		41201		50488		2015
287		41197		50636		2033
288		41176		50782		2050
289		41134		50915		2038
290		41140		51036		2036
291		41140		51162		2030
292		41200		51317		2024
293		41208		51461		2027
294		41181		51578		2023
295		41184		51696		2035
296		41185		51834		2017
297		41166		51971		2018
298		41178		52091		2027
299		41131		52205		2016
300		41177		52339		2031
301		41164		52465		2042
302		41144		52582		2034
303		41189		52692		2032
304		41261		52839		2036
305		41240		52995		2039
306		41216		53123		2037
307		41120		53260		2035
308		41141		53396		2033
309		41152		53526		2039
310		41221		53666		2046
311		41171		53807		2036
312		41146		53927		2042
313		41121		54056		2029
314		41184		54181		2025
315		41146		54306		2017
316		41171		54431		2010
317		41156		54566		2027
318		41126		54680		2020
319		41169		54798		2023
320		41159		54908		2039
321		41166		55039		2042
322		41195		55180		2038
323		41140		55321		2040
324		41110		55425		2053
325		41114		55544		2038
326		41143		55657		2047
327		41112		55772		2036
328		41113		55883		2027
329		41129		55999		2041
330		41102		56126		2030
331		41105		56247		2030
332		41089		56355		2030
333		41081		56454		2024
334		41075		56549		2036
335		41089		56636		2029
336		41073		56742		2021
337		41070		56827		2025
338		41060		56933		2028
339		41101		57042		2030
340		41120		57147		2026
341		41150		57272		2030
342		41127		57386		2033
343		41125		57517		2040
344		41102		57645		2033
345		41147		57745		2043
346		41112		57858		2040
347		41119		57951		2030
348		41095		58056		2026
349		41128		58165		2029
350		41129		58280		2031
351		41132		58382		2030
352		41098		58492		2032
353		41106		58604		2025
354		41143		58726		2035
355		41120		58842		2013
356		41131		58972		2025
357		41113		59090		2018
358		41104		59214		2017
359		41098		59342		2032
360		41108		59457		2038
361		41100		59564		2027
362		41108		59678		2025
363		41119		59804		2037
364		41115		59925		2049
365		41098		60053		2042
366		41100		60162		2043
367		41108		60270		2035
368		41114		60382		2038
369		41129		60502		2028
370		41138		60610		2023
371		41104		60747		2034
372		41091		60862		2022
373		41099		60978		2037
374		41100		61106		2027
375		41091		61215		2028
376		41110		61323		2024
377		41075		61424		2021
378		41092		61516		2028
379		41119		61645		2021
380		41098		61755		2020
381		41107		61882		2023
382		41093		61998		2017
383		41102		62100		2027
384		41068		62208		2049
385		41134		62324		2035
386		41122		62437		2038
387		41140		62555		2050
388		41107		62662		2037
389		41098		62778		2048
390		41110		62881		2042
391		41100		62992		2043
392		41062		63086		2041
393		41096		63177		2047
394		41061		63259		2040
395		41059		63349		2043
396		41074		63457		2034
397		41048		63543		2034
398		41065		63632		2035
399		41062		63747		2042
400		41110		63859		2036
401		41172		63991		2046
402		41136		64106		2032
403		41157		64222		2034
404		41111		64329		2042
405		41127		64443		2035
406		41115		64541		2042
407		41098		64645		2052
408		41104		64745		2042
409		41099		64851		2049
410		41125		64931		2023
411		41109		65025		2040
412		41125		65148		2046
413		41097		65231		2063
414		41077		65345		2036
415		41062		65451		2049
416		41078		65554		2036
417		41066		65653		2034
418		41083		65750		2026
419		41075		65870		2024
420		41058		65973		2028
421		41079		66061		2031
422		41069		66177		2033
423		41070		66305		2031
424		41080		66411		2021
425		41088		66496		2016
426		41098		66595		2029
427		41094		66693		2028
428		41144		66786		2021
429		41145		66898		2029
430		41085		67009		2029
431		41103		67115		2039
432		41111		67211		2046
433		41138		67342		2043
434		41099		67442		2047
435		41118		67557		2044
436		41130		67662		2062
437		41138		67782		2035
438		41098		67895		2051
439		41119		67998		2050
440		41117		68093		2039
441		41110		68211		2043
442		41101		68322		2042
443		41052		68414		2042
444		41045		68507		2037
445		41046		68622		2030
446		41056		68719		2030
447		41080		68811		2029
448		41125		68931		2025
449		41097		69047		2026
450		41100		69147		2014
451		41098		69256		2022
452		41121		69361		2030
453		41113		69472		2027
454		41069		69585		2043
455		41073		69669		2052
456		41065		69767		2038
457		41076		69856		2037
458		41082		69953		2035
459		41037		70049		2030
460		41069		70141		2024
461		41058		70261		2022
462		41054		70373		2025
463		41034		70477		2025
464		41071		70572		2024
465		41062		70664		2017
466		41082		70757		2039
467		41067		70857		2028
468		41015		70965		2017
469		41019		71059		2036
470		41047		71132		2039
471		41071		71229		2028
472		41079		71336		2042
473		41104		71436		2056
474		41061		71539		2030
475		41061		71632		2033
476		41071		71726		2024
477		41074		71826		2014
478		41086		71926		2018
479		41051		72011		2018
480		41077		72108		2027
481		41058		72202		2022
482		41076		72284		2022
483		41067		72370		2039
484		41052		72469		2026
485		41093		72576		2024
486		41091		72689		2030
487		41068		72795		2029
488		41103		72883		2028
489		41074		72969		2031
490		41060		73066		2038
491		41045		73165		2050
492		41017		73257		2047
493		41026		73342		2047
494		41071		73443		2042
495		41039		73539		2044
496		41040		73625		2037
497		41051		73721		2043
498		41049		73812		2043
499		41047		73926		2044
500		41040		74031		2048
501		41027		74132		2042
502		41030		74220		2036
503		41075		74312		2036
504		41059		74437		2033
505		41074		74519		2035
506		41077		74622		2037
507		41096		74734		2041
508		41061		74835		2039
509		41054		74944		2034
510		41113		75056		2032
511		41051		75157		2033
512		41030		75245		2029
513		41021		75328		2042
514		41083		75427		2048
515		41068		75532		2054
516		41060		75624		2059
517		41082		75726		2053
518		41112		75820		2054
519		41107		75933		2048
520		41117		76034		2044
521		41072		76145		2024
522		41062		76235		2034
523		41044		76342		2030
524		41038		76436		2029
525		41046		76527		2027
526		41030		76611		2044
527		41048		76713		2046
528		41058		76791		2047
529		41074		76882		2042
530		41065		76972		2051
531		41049		77064		2049
532		41044		77157		2038
533		41069		77242		2051
534		41053		77326		2033
535		41048		77435		2031
536		41040		77535		2042
537		41039		77633		2045
538		40996		77710		2038
539		41005		77796		2037
540		41011		77882		2039
541		40996		77964		2034
542		41001		78037		2029
543		41022		78109		2032
544		41035		78191		2029
545		41043		78283		2041
546		41013		78370		2035
547		41045		78458		2034
548		41061		78546		2031
549		41069		78626		2033
550		41041		78726		2034
551		41063		78824		2041
552		41063		78925		2040
553		41045		79001		2042
554		41015		79104		2033
555		41012		79174		2031
556		41039		79259		2042
557		41017		79343		2031
558		41028		79430		2022
559		41036		79499		2016
560		41036		79590		2020
561		40998		79668		2030
562		40992		79745		2040
563		41036		79829		2026
564		41053		79918		2036
565		41051		80003		2038
566		41034		80101		2040
567		41031		80183		2045
568		41016		80258		2034
569		41047		80342		2031
570		41025		80437		2026
571		41018		80523		2038
572		41030		80600		2029
573		41016		80684		2032
574		41003		80766		2039
575		41007		80852		2041
576		41009		80932		2034
577		41037		80984		2043
578		41039		81053		2036
579		41059		81136		2034
580		41046		81213		2041
581		41030		81303		2038
582		41057		81384		2036
583		41055		81467		2035
584		41036		81572		2032
585		41066		81647		2030
586		41053		81736		2021
587		41069		81827		2018
588		41048		81912		2027
589		41074		81989		2023
590		41064		82082		2009
591		41062		82167		2018
592		41036		82248		2031
593		41056		82344		2034
594		41041		82433		2028
595		41053		82520		2031
596		41035		82604		2020
597		41040		82669		2023
598		41039		82754		2020
599		41004		82821		2023
600		40997		82901		2042
601		41038		82990		2033
602		41057		83084		2035
603		41038		83172		2034
604		41049		83244		2031
605		41042		83327		2033
606		41020		83399		2035
607		40985		83473		2032
608		41003		83533		2038
609		40995		83611		2036
610		40996		83687		2029
611		41013		83753		2044
612		40988		83821		2040
613		40988		83881		2042
614		40976		83952		2032
615		40987		84030		2033
616		40991		84105		2025
617		40990		84164		2027
618		40994		84221		2033
619		40991		84292		2039
620		41012		84370		2040
621		41028		84448		2045
622		41042		84526		2041
623		41042		84605		2033
624		41026		84694		2043
625		40998		84763		2039
626		40997		84829		2042
627		41003		84912		2030
628		40982		84976		2043
629		41019		85055		2042
630		41034		85142		2031
631		41051		85224		2026
632		41038		85312		2024
633		41019		85402		2024
634		41035		85473		2034
635		41018		85560		2055
636		41032		85637		2042
637		41022		85701		2035
638		41028		85785		2039
639		40991		85870		2050
640		41014		85939		2048
641		41002		85995		2044
642		41023		86070		2047
643		41017		86144		2053
644		41027		86203		2030
645		41046		86271		2029
646		41048		86355		2028
647		41029		86450		2035
648		40995		86507		2039
649		40997		86583		2039
650		41019		86650		2038
651		41006		86721		2027
652		41006		86796		2036
653		41046		86874		2027
654		41068		86970		2038
655		41063		87058		2031
656		41053		87152		2041
657		40982		87240		2047
658		40990		87316		2040
659		41019		87390		2044
660		41015		87487		2047
661		41012		87567		2045
662		41009		87663		2039
663		40986		87740		2041
664		40980		87793		2049
665		40971		87856		2040
666		40976		87922		2045
667		40974		87981		2036
668		40986		88052		2042
669		41000		88121		2042
670		40990		88200		2033
671		40988		88275		2038
672		40995		88346		2035
673		40970		88408		2044
674		40978		88474		2048
675		40986		88535		2046
676		40999		88602		2036
677		40995		88678		2033
678		41014		88760		2043
679		41022		88831		2035
680		40983		88894		2026
681		40984		88961		2029
682		40999		89041		2030
683		41027		89135		2030
684		41010		89209		2032
685		40978		89282		2030
686		41001		89363		2030
687		41010		89433		2019
688		41001		89522		2019
689		40986		89589		2034
690		40993		89663		2037
691		41003		89739		2046
692		41009		89792		2045
693		40990		89844		2045
694		41026		89904		2034
695		41053		89981		2039
696		41044		90054		2041
697		40991		90133		2041
698		40998		90194		2049
699		41013		90269		2041
700		41004		90332		2038
701		41001		90413		2046
702		41011		90479		2045
703		41010		90560		2033
704		41019		90626		2030
705		40995		90709		2039
706		40997		90788		2039
707		41009		90863		2036
708		41023		90953		2036
709		41026		91022		2038
710		41017		91098		2036
711		41002		91178		2039
712		41024		91243		2045
713		41020		91315		2047
714		41005		91382		2035
715		41019		91462		2028
716		41022		91537		2039
717		41026		91610		2043
718		41011		91677		2040
719		41009		91753		2041
720		41019		91822		2035
721		41020		91882		2024
722		41013		91954		2034
723		41002		92015		2033
724		40996		92089		2033
725		40980		92158		2040
726		40971		92231		2041
727		40984		92287		2038
728		40997		92355		2032
729		41010		92432		2032
730		40993		92501		2022
731		41002		92558		2022
732		40988		92634		2031
733		40971		92707		2036
734		40965		92764		2043
735		40974		92817		2037
736		40957		92887		2036
737		40967		92943		2037
738		40962		93002		2029
739		40971		93059		2024
740		40960		93130		2032
741		40955		93182		2032
742		40950		93241		2040
743		40961		93296		2045
744		40958		93357		2042
745		40956		93428		2028
746		40976		93480		2030
747		40983		93542		2031
748		40987		93596		2036
749		40987		93649		2035
750		40952		93708		2028
751		40953		93755		2028
752		40961		93805		2028
753		40978		93870		2040
754		40988		93938		2035
755		40999		94015		2028
756		40997		94088		2009
757		40992		94171		2023
758		40991		94254		2029
759		40985		94313		2021
760		41016		94382		2032
761		40999		94446		2043
762		40984		94508		2033
763		40992		94584		2035
764		41000		94660		2042
765		41000		94729		2035
766		41010		94802		2035
767		40993		94881		2042
768		40979		94938		2032
769		40966		94995		2043
770		40977		95068		2035
771		40973		95137		2039
772		40967		95195		2035
773		40966		95271		2037
774		40974		95328		2046
775		40979		95380		2042
776		40949		95428		2037
777		40956		95477		2037
778		40959		95525		2037
779		40955		95582		2036
780		40992		95640		2047
781		41004		95699		2029
782		41019		95769		2020
783		41026		95839		2030
784		41012		95924		2043
785		41008		95985		2041
786		40968		96053		2032
787		40949		96108		2026
788		40955		96174		2024
789		40942		96228		2024
790		40939		96289		2030
791		40952		96351		2033
792		40963		96407		2037
793		40950		96460		2031
794		40956		96516		2032
795		40958		96580		2030
796		40947		96652		2025
797		40955		96728		2038
798		40959		96783		2046
799		40947		96844		2036
800		40941		96899		2043
801		40919		96945		2033
802		40930		96996		2032
803		40950		97047		2046
804		40924		97084		2046
805		40933		97142		2051
806		40916		97202		2052
807		40901		97254		2041
808		40899		97298		2050
809		40913		97358		2050
810		40917		97398		2043
811		40924		97455		2042
812		40913		97493		2046
813		40932		97537		2039
814		40914		97595		2031
815		40903		97639		2030
816		40941		97691		2032
817		40941		97743		2033
818		40951		97787		2034
819		40965		97843		2033
820		40959		97906		2036
821		40972		97963		2037
822		40971		98016		2034
823		40984		98067		2041
824		40957		98124		2037
825		40978		98184		2045
826		40993		98244		2048
827		40996		98308		2045
828		40994		98386		2045
829		40979		98458		2038
830		40980		98515		2045
831		40963		98570		2038
832		40972		98637		2034
833		40969		98690		2030
834		40973		98746		2027
835		40973		98805		2039
836		40941		98865		2035
837		40970		98924		2036
838		40971		98975		2034
839		40969		99036		2033
840		40960		99082		2042
841		40960		99136		2031
842		40958		99182		2032
843		40992		99229		2027
844		40958		99271		2022
845		40935		99322		2022
846		40939		99372		2029
847		40945		99425		2027
848		40924		99467		2026
849		40917		99508		2025
850		40925		99551		2032
851		40945		99593		2028
852		40943		99656		2029
853		40949		99691		2034
854		40937		99741		2039
855		40942		99787		2040
856		40950		99838		2031
857		40972		99898		2037
858		40949		99948		2035
859		40943		99994		2032
860		40945		100045		2025
861		40936		100089		2027
862		40956		100141		2026
863		40954		100186		2027
864		40968		100249		2033
865		40975		100304		2037
866		40967		100364		2022
867		40967		100419		2025
868		40967		100481		2036
869		40980		100536		2045
870		40969		100588		2041
871		40943		100636		2040
872		40948		100681		2033
873		40953		100735		2035
874		40940		100783		2029
875		40936		100828		2034
876		40948		100887		2032
877		40943		100947		2032
878		40945		100991		2035
879		40945		101042		2038
880		40953		101096		2047
881		40946		101137		2036
882		40937		101178		2033
883		40951		101225		2023
884		40945		101274		2029
885		40921		101324		2021
886		40940		101370		2029
887		40927		101429		2032
888		40919		101479		2045
889		40915		101522		2035
890		40910		101570		2039
891		40908		101613		2038
892		40927		101662		2036
893		40920		101711		2032
894		40920		101750		2029
895		40922		101799		2030
896		40907		101840		2024
897		40909		101882		2026
898		40923		101935		2034
899		40913		101988		2034
900		40913		102034		2037
901		40921		102076		2034
902		40932		102118		2030
903		40934		102171		2038
904		40948		102219		2037
905		40951		102268		2036
906		40935		102325		2047
907		40928		102369		2055
908		40920		102407		2055
909		40932		102464		2044
910		40930		102510		2041
911		40938		102556		2042
912		40928		102590		2037
913		40917		102642		2039
914		40908		102684		2036
915		40903		102720		2036
916		40910		102766		2036
917		40909		102804		2029
918		40904		102835		2028
919		40911		102870		2039
920		40912		102912		2037
921		40912		102953		2039
922		40919		102993		2036
923		40919		103030		2040
924		40935		103080		2041
925		40919		103119		2042
926		40911		103156		2034
927		40915		103191		2033
928		40942		103227		2026
929		40962		103280		2016
930		40941		103318		2027
931		40942		103363		2028
932		40930		103406		2031
933		40935		103452		2025
934		40924		103488		2039
935		40956		103533		2032
936		40936		103586		2030
937		40928		103635		2030
938		40927		103683		2035
939		40951		103741		2037
940		40931		103782		2035
941		40931		103826		2029
942		40904		103862		2037
943		40911		103897		2031
944		40924		103949		2024
945		40924		104000		2031
946		40913		104042		2040
947		40906		104082		2038
948		40908		104119		2036
949		40908		104167		2038
950		40907		104207		2032
951		40929		104257		2036
952		40923		104317		2024
953		40923		104365		2027
954		40918		104399		2020
955		40927		104440		2025
956		40947		104483		2035
957		40932		104532		2029
958		40946		104584		2028
959		40959		104626		2032
960		40934		104664		2029
961		40931		104713		2034
962		40921		104753		2030
963		40931		104795		2031
964		40928		104839		2031
965		40928		104897		2031
966		40910		104939		2033
967		40923		104995		2039
968		40927		105034		2036
969		40915		105081		2040
970		40910		105126		2036
971		40902		105161		2029
972		40911		105209		2036
973		40903		105245		2042
974		40912		105293		2044
975		40915		105340		2037
976		40920		105389		2043
977		40906		105436		2042
978		40904		105478		2040
979		40892		105517		2037
980		40906		105560		2033
981		40903		105599		2031
982		40893		105627		2034
983		40894		105668		2027
984		40904		105694		2030
985		40914		105745		2035
986		40900		105778		2038
987		40893		105812		2037
988		40900		105853		2029
989		40877		105912		2042
990		40891		105952		2029
991		40892		105994		2036
992		40888		106033		2041
993		40900		106079		2046
994		40890		106129		2038
995		40876		106158		2041
996		40881		106186		2041
997		40894		106235		2031
998		40900		106283		2039
999		40890		106316		2043
1000		40867		106330		2035
1001		40854		106342		2035
1002		40844		106350		2038
1003		40834		106357		2042
1004		40828		106362		2042
1005		40823		106365		2046
1006		40820		106368		2045
1007		40818		106370		2045
1008		40816		106372		2048
1009		40816		106374		2047
1010		40816		106374		2047
1011		40814		106375		2047
1012		40812		106377		2047
1013		40811		106378		2048
1014		40810		106379		2049
1015		40808		106380		2050
1016		40807		106381		2049
1017		40806		106382		2048
1018		40805		106383		2048
1019		40805		106383		2048
1020		40805		106383		2048
1021		40804		106384		2047
1022		40803		106385		2046
1023		40803		106385		2046
1024		40803		106385		2046
1025		40803		106385		2046
1026		40801		106387		2046
1027		40800		106388		2045
1028		40799		106389		2045
1029		40799		106389		2045
