# Migration is number of nodes that have changed color.

Round		Edge-Cut		Swaps		Migrations		Skipped
0		459		158		178
1		319		57		183
2		289		22		180
3		279		22		187
4		235		23		188
5		236		13		188
6		231		16		182
7		220		18		186
8		213		13		186
9		200		8		187
10		207		15		186
11		201		17		186
12		194		13		186
13		184		13		189
14		176		10		181
15		171		4		178
16		165		5		183
17		164		3		183
18		161		2		183
19		159		4		186
20		167		5		186
21		176		9		187
22		174		7		188
23		165		6		189
24		157		4		189
25		160		7		190
26		163		7		192
27		163		5		190
28		159		6		188
29		161		1		187
30		159		2		188
31		160		8		191
32		163		6		188
33		150		2		189
34		159		5		190
35		155		4		188
36		156		6		191
37		150		5		189
38		149		6		185
39		151		1		186
40		156		8		183
41		156		0		183
42		156		2		186
43		153		3		186
44		160		5		184
45		162		6		179
46		145		6		184
47		161		4		188
48		156		5		185
49		153		8		187
50		154		7		186
51		156		4		183
52		157		2		184
53		153		9		186
54		146		5		187
55		140		3		188
56		138		2		188
57		136		1		187
58		145		3		186
59		147		5		186
60		146		1		184
61		141		2		185
62		144		5		186
63		146		3		187
64		134		3		186
65		140		2		186
66		144		3		186
67		142		2		186
68		138		5		185
69		139		1		186
70		141		5		186
71		145		3		186
72		149		1		185
73		139		4		186
74		143		2		188
75		137		5		188
76		140		4		187
77		139		1		189
78		141		2		186
79		139		1		187
80		139		2		187
81		139		0		187
82		143		4		187
83		139		4		186
84		142		4		187
85		148		7		188
86		144		3		190
87		147		3		189
88		142		1		188
89		142		0		188
90		152		2		187
91		147		5		187
92		143		5		189
93		143		3		190
94		145		2		190
95		142		4		188
96		137		3		184
97		137		0		184
98		137		0		184
99		137		0		184
100		131		4		184
101		129		1		185
102		129		0		185
103		133		1		184
104		131		3		187
105		131		0		187
106		133		1		188
107		137		1		187
108		131		2		189
109		136		2		187
110		140		2		188
111		136		2		187
112		136		0		187
113		148		3		190
114		140		6		188
115		140		0		188
116		142		5		187
117		138		4		186
118		151		6		189
119		141		4		189
120		134		5		190
121		141		3		187
122		141		3		187
123		145		1		187
124		149		3		189
125		142		6		185
126		140		5		187
127		142		5		186
128		142		4		188
129		145		5		192
130		145		0		192
131		141		2		191
132		144		5		191
133		144		2		189
134		141		4		186
135		141		0		186
136		136		2		186
137		137		1		187
138		137		0		187
139		137		4		186
140		137		0		186
141		144		3		184
142		143		1		183
143		141		2		185
144		145		2		184
145		140		3		185
146		140		3		184
147		157		4		185
148		156		6		185
149		145		5		184
150		150		5		185
151		157		4		185
152		144		5		186
153		144		3		186
154		142		3		188
155		138		5		186
156		134		3		186
157		134		0		186
158		135		1		186
159		136		1		185
160		136		2		187
161		137		1		186
162		138		2		186
163		146		4		188
164		141		3		187
165		147		3		187
166		149		5		187
167		147		6		185
168		142		5		185
169		146		4		188
170		143		1		187
171		148		6		188
172		148		5		189
173		144		3		187
174		143		3		187
175		139		3		189
176		139		0		189
177		137		1		189
178		135		1		187
179		134		2		188
180		135		2		187
181		135		0		187
182		138		4		184
183		135		1		184
184		129		2		185
185		129		0		185
186		131		1		187
187		134		4		189
188		130		1		190
189		131		1		190
190		131		0		190
191		135		3		188
192		135		0		188
193		135		2		192
194		137		3		192
195		134		2		189
196		136		1		188
197		140		1		186
198		127		2		186
199		127		0		186
200		127		0		186
201		128		2		187
202		128		0		187
203		130		2		186
204		130		0		186
205		130		0		186
206		131		1		185
207		131		0		185
208		131		0		185
209		131		0		185
210		130		1		186
211		134		3		187
212		134		0		187
213		138		1		186
214		146		2		186
215		138		3		188
216		130		2		188
217		128		1		188
218		129		1		187
219		129		0		187
220		129		0		187
221		131		1		188
222		129		3		187
223		140		3		187
224		134		1		187
225		134		2		188
226		131		1		188
227		133		1		188
228		131		1		189
229		128		1		188
230		128		0		188
231		130		1		186
232		130		0		186
233		130		0		186
234		130		0		186
235		138		2		189
236		147		6		186
237		145		5		188
238		146		2		187
239		145		4		185
240		146		3		184
241		148		3		184
242		152		6		186
243		136		5		186
244		136		3		183
245		138		3		184
246		144		2		185
247		146		2		183
248		146		0		183
249		147		4		184
250		151		5		187
251		156		6		190
252		151		3		186
253		151		3		188
254		150		1		188
255		147		1		187
256		147		5		183
257		154		7		184
258		152		5		188
259		147		9		187
260		156		4		190
261		142		4		188
262		144		5		187
263		143		1		186
264		145		3		185
265		145		4		186
266		148		2		184
267		160		6		187
268		160		6		190
269		160		5		187
270		164		8		188
271		160		6		186
272		150		5		187
273		140		5		189
274		139		1		188
275		129		1		187
276		139		4		184
277		137		3		185
278		136		2		185
279		139		3		187
280		139		3		184
281		138		1		183
282		140		2		182
283		141		2		183
284		134		3		184
285		134		0		184
286		139		2		184
287		143		4		182
288		140		4		182
289		145		6		183
290		147		3		183
291		130		4		183
292		130		0		183
293		130		0		183
294		130		0		183
295		143		5		183
296		135		5		186
297		134		1		187
298		130		3		188
299		130		0		188
300		130		0		188
301		133		1		190
302		131		2		187
303		131		0		187
304		132		1		186
305		132		0		186
306		134		1		186
307		141		4		184
308		141		8		189
309		141		2		189
310		139		1		187
311		148		4		186
312		136		6		184
313		136		0		184
314		129		1		185
315		129		0		185
316		127		1		185
317		126		2		186
318		126		0		186
319		126		0		186
320		126		0		186
321		126		0		186
322		126		0		186
323		126		0		186
324		132		4		187
325		137		1		188
326		144		2		189
327		142		4		188
328		140		3		187
329		136		1		187
330		136		0		187
331		138		3		188
332		134		1		189
333		139		3		187
334		146		4		188
335		145		3		189
336		142		5		187
337		141		2		188
338		150		8		186
339		138		6		187
340		142		4		185
341		145		4		189
342		139		5		189
343		142		1		188
344		139		1		188
345		136		2		187
346		142		2		186
347		139		2		188
348		143		3		186
349		143		2		186
350		141		3		188
351		140		1		187
352		139		5		187
353		133		1		186
354		133		2		187
355		142		5		187
356		137		1		186
357		141		2		185
358		142		3		188
359		143		3		190
360		139		4		188
361		145		2		189
362		144		2		188
363		137		6		187
364		138		3		190
365		137		3		191
366		137		4		192
367		145		2		193
368		147		4		191
369		148		2		190
370		147		2		191
371		138		3		190
372		134		1		190
373		136		4		189
374		140		2		187
375		145		3		188
376		145		2		186
377		145		3		186
378		146		2		186
379		140		1		187
380		140		0		187
381		136		2		186
382		136		0		186
383		136		0		186
384		135		3		186
385		141		2		186
386		137		2		187
387		139		3		186
388		138		3		186
389		137		1		185
390		134		1		187
391		133		1		186
392		129		1		188
393		129		0		188
394		129		0		188
395		129		0		188
396		129		0		188
397		129		0		188
398		129		0		188
399		133		1		188
400		133		0		188
401		137		3		189
402		136		2		188
403		139		1		190
404		136		2		190
405		135		1		189
406		135		0		189
407		131		4		188
408		133		1		188
409		133		3		188
410		131		1		187
411		133		1		188
412		133		4		188
413		141		1		189
414		138		2		189
415		138		0		189
416		141		2		189
417		147		4		187
418		141		4		188
419		143		2		188
420		146		4		187
421		137		4		188
422		140		2		188
423		140		0		188
424		140		3		188
425		139		1		189
426		136		3		188
427		142		2		186
428		144		2		187
429		144		2		188
430		150		10		188
431		151		6		189
432		147		4		189
433		148		3		187
434		139		4		186
435		141		1		185
436		140		6		189
437		145		4		190
438		141		3		189
439		143		1		189
440		137		1		190
441		135		1		188
442		135		0		188
443		135		2		188
444		138		2		186
445		141		1		187
446		149		2		186
447		141		3		186
448		139		4		188
449		138		3		186
450		137		3		186
451		140		2		188
452		141		1		186
453		137		2		186
454		139		2		189
455		140		1		187
456		144		3		190
457		135		4		187
458		133		1		188
459		136		1		186
460		133		1		188
461		129		2		187
462		129		0		187
463		129		0		187
464		129		0		187
465		129		0		187
466		129		0		187
467		129		0		187
468		129		0		187
469		131		1		185
470		135		1		184
471		129		2		185
472		131		2		186
473		131		0		186
474		131		0		186
475		141		3		188
476		137		1		188
477		139		2		187
478		141		1		188
479		141		0		188
480		139		1		186
481		139		0		186
482		133		2		186
483		135		1		185
484		133		1		186
485		131		1		185
486		131		0		185
487		131		0		185
488		131		0		185
489		131		0		185
490		134		1		186
491		137		2		185
492		137		0		185
493		137		0		185
494		142		5		187
495		140		1		186
496		146		3		187
497		141		2		184
498		147		3		187
499		142		3		188
500		146		2		186
501		151		5		186
502		153		3		183
503		155		5		185
504		147		4		187
505		143		2		188
506		140		3		186
507		137		3		184
508		140		1		186
509		140		1		186
510		138		1		185
511		140		1		186
512		141		2		184
513		140		1		184
514		140		3		185
515		135		1		187
516		133		1		188
517		133		0		188
518		133		0		188
519		133		0		188
520		129		1		187
521		129		0		187
522		129		0		187
523		129		0		187
524		129		0		187
525		129		0		187
526		129		0		187
527		129		0		187
528		129		0		187
529		131		1		187
530		129		1		186
531		129		0		186
532		129		0		186
533		129		0		186
534		139		3		185
535		140		3		187
536		140		0		187
537		137		2		190
538		137		0		190
539		144		4		188
540		144		0		188
541		147		4		190
542		140		4		188
543		143		2		186
544		141		1		187
545		139		1		188
546		144		3		187
547		144		5		186
548		141		4		188
549		138		2		188
550		135		2		188
551		144		3		187
552		157		5		188
553		161		3		188
554		160		5		189
555		157		6		188
556		157		4		186
557		160		4		188
558		164		5		186
559		158		6		185
560		150		7		187
561		150		4		187
562		151		1		186
563		152		2		186
564		161		9		181
565		155		5		183
566		150		2		185
567		141		3		185
568		147		3		184
569		141		2		184
570		135		2		184
571		134		1		183
572		135		1		184
573		131		1		186
574		135		2		186
575		139		1		185
576		139		3		185
577		136		1		185
578		139		1		186
579		144		3		186
580		150		4		186
581		144		5		187
582		148		5		188
583		152		4		190
584		150		1		189
585		150		3		188
586		149		4		187
587		154		6		187
588		151		7		182
589		159		8		182
590		158		6		186
591		160		9		184
592		167		5		186
593		162		7		188
594		155		4		188
595		154		3		185
596		155		5		189
597		159		6		189
598		162		7		188
599		160		5		184
600		164		5		183
601		160		7		182
602		154		4		185
603		155		7		184
604		153		2		185
605		160		6		186
606		163		8		185
607		156		4		187
608		153		4		186
609		155		8		188
610		149		4		188
611		153		4		189
612		142		5		189
613		143		4		188
614		142		3		187
615		150		5		187
616		144		3		186
617		145		2		186
618		154		4		186
619		168		8		186
620		161		10		187
621		154		4		187
622		156		3		187
623		159		6		188
624		153		7		187
625		153		7		185
626		151		4		182
627		157		6		184
628		150		5		185
629		150		3		187
630		144		4		184
631		148		3		188
632		147		2		188
633		145		4		187
634		149		12		185
635		148		4		187
636		149		4		186
637		143		8		190
638		143		2		188
639		147		4		191
640		147		4		191
641		140		4		189
642		144		1		189
643		140		4		186
644		130		7		188
645		130		0		188
646		130		3		187
647		133		1		186
648		132		1		185
649		139		4		187
650		136		1		187
651		147		3		185
652		143		4		187
653		151		5		186
654		143		7		182
655		149		5		182
656		143		6		185
657		145		6		187
658		132		6		186
659		135		2		186
660		128		3		187
661		132		3		185
662		136		2		186
663		133		4		187
664		134		2		188
665		139		3		187
666		143		4		184
667		141		2		184
668		155		6		185
669		157		5		185
670		144		9		185
671		152		7		184
672		151		9		182
673		150		7		185
674		161		8		184
675		155		6		186
676		150		6		185
677		145		4		183
678		141		4		186
679		141		0		186
680		138		3		186
681		140		2		186
682		140		4		184
683		139		1		185
684		142		1		187
685		138		2		187
686		138		2		189
687		141		5		187
688		136		2		186
689		136		2		187
690		136		2		186
691		140		4		185
692		143		3		186
693		140		3		185
694		142		2		185
695		138		7		188
696		136		2		188
697		136		4		186
698		127		4		185
699		142		3		186
700		141		2		185
701		140		5		185
702		130		2		186
703		132		4		184
704		124		3		186
705		124		3		187
706		113		6		185
707		113		3		187
708		119		3		187
709		115		3		188
710		112		1		187
711		110		6		188
712		112		2		188
713		112		0		188
714		100		4		186
715		101		5		187
716		101		0		187
717		98		2		188
718		98		2		188
719		96		1		187
720		100		1		187
721		102		1		188
722		101		1		187
723		101		3		188
724		103		1		187
725		104		3		185
726		106		5		185
727		107		1		185
728		98		1		186
729		96		1		187
730		96		0		187
731		96		0		187
732		96		0		187
733		96		0		187
734		96		0		187
735		104		1		187
736		105		2		186
737		101		4		187
738		103		1		187
739		107		1		189
740		105		1		189
741		101		1		187
742		101		0		187
743		99		1		187
744		99		0		187
745		99		2		187
746		99		0		187
747		99		0		187
748		101		1		186
749		104		2		186
750		108		2		185
751		107		1		187
752		109		2		186
753		114		4		188
754		98		4		186
755		98		0		186
756		95		1		188
757		98		1		189
758		102		2		189
759		98		1		188
760		98		0		188
761		98		0		188
762		99		1		187
763		100		1		187
764		104		1		185
765		107		2		186
766		103		5		189
767		103		0		189
768		110		5		189
769		111		2		187
770		112		2		185
771		111		1		184
772		121		4		186
773		113		8		184
774		117		3		188
775		121		6		187
776		115		3		187
777		121		6		186
778		126		7		182
779		132		7		183
780		129		6		187
781		132		6		186
782		123		7		186
783		122		4		187
784		108		6		189
785		105		2		188
786		98		2		188
787		106		1		187
788		109		4		188
789		108		4		187
790		108		3		188
791		109		1		188
792		106		3		185
793		106		3		185
794		107		3		184
795		109		3		184
796		107		1		183
797		109		3		184
798		109		3		187
799		107		2		187
800		122		4		190
801		110		5		191
802		103		3		188
803		104		2		188
804		105		1		188
805		105		0		188
806		104		2		189
807		108		1		188
808		108		3		189
809		112		3		188
810		125		5		187
811		111		4		188
812		100		4		188
813		101		1		188
814		104		1		188
815		111		3		190
816		101		6		187
817		103		1		186
818		100		1		188
819		100		0		188
820		101		2		187
821		108		5		187
822		110		1		186
823		110		0		186
824		104		4		187
825		99		3		186
826		100		1		187
827		96		2		186
828		94		1		186
829		94		0		186
830		99		1		186
831		99		0		186
832		101		1		186
833		96		3		188
834		96		0		188
835		97		2		186
836		94		1		187
837		98		1		187
838		99		1		187
839		97		2		187
840		94		2		187
841		94		0		187
842		97		1		186
843		95		1		185
844		96		1		187
845		92		1		186
846		92		0		186
847		92		0		186
848		92		0		186
849		92		0		186
850		96		1		184
851		104		2		186
852		102		3		184
853		99		1		185
854		97		2		188
855		96		1		187
856		101		6		186
857		107		2		188
858		104		2		187
859		98		2		188
860		98		0		188
861		101		2		188
862		101		0		188
863		96		1		188
864		96		0		188
865		96		0		188
866		96		0		188
867		100		1		189
868		103		1		187
869		103		0		187
870		111		3		186
871		115		5		186
872		112		1		187
873		109		1		187
874		109		3		187
875		105		4		187
876		105		0		187
877		105		1		187
878		109		2		187
879		105		4		188
880		109		3		187
881		106		2		188
882		103		1		188
883		103		0		188
884		102		2		188
885		107		1		188
886		108		1		189
887		104		1		189
888		109		5		191
889		113		4		188
890		99		3		190
891		102		2		188
892		103		4		187
893		100		1		187
894		100		2		188
895		94		1		187
896		96		1		187
897		103		2		187
898		105		3		190
899		110		4		189
900		105		2		188
901		102		3		187
902		114		3		187
903		111		3		188
904		110		2		187
905		110		2		188
906		110		2		186
907		111		3		185
908		106		3		186
909		111		2		185
910		112		3		183
911		112		4		184
912		112		3		187
913		122		4		186
914		117		4		184
915		113		2		183
916		120		5		185
917		116		5		185
918		115		4		187
919		116		3		190
920		116		3		189
921		113		3		188
922		107		3		188
923		108		2		187
924		109		1		187
925		110		1		189
926		111		1		189
927		110		4		187
928		106		2		186
929		100		2		187
930		100		2		188
931		100		0		188
932		100		0		188
933		94		2		188
934		94		0		188
935		102		2		187
936		110		3		188
937		116		3		187
938		114		2		189
939		114		0		189
940		110		2		188
941		106		1		187
942		111		2		188
943		107		1		188
944		109		2		189
945		106		2		188
946		114		5		187
947		110		2		186
948		110		4		188
949		117		5		186
950		111		2		187
951		113		3		186
952		114		1		185
953		111		5		187
954		115		3		188
955		110		4		190
956		106		4		189
957		106		2		189
958		104		2		188
959		101		4		190
960		102		2		190
961		105		1		190
962		103		3		190
963		103		0		190
964		103		0		190
965		104		1		188
966		104		3		190
967		103		4		189
968		94		3		188
969		102		1		188
970		105		1		189
971		96		4		187
972		99		1		187
973		99		0		187
974		102		2		188
975		106		2		188
976		111		2		187
977		116		3		189
978		113		5		189
979		110		2		188
980		114		3		188
981		113		3		189
982		121		3		186
983		121		2		189
984		117		6		191
985		120		5		189
986		120		2		189
987		125		6		188
988		111		4		185
989		113		5		187
990		108		5		186
991		118		4		188
992		120		2		187
993		116		3		188
994		115		7		187
995		113		4		185
996		114		4		185
997		111		4		187
998		114		3		190
999		108		3		189
