# Migration is number of nodes that have changed color.

Round		Edge-Cut		Swaps		Migrations		Skipped
0		579		233		203
1		571		233		185
2		609		215		187
3		595		220		182
4		649		233		191
5		594		228		192
6		625		230		189
7		592		229		191
8		630		222		198
9		576		232		191
10		597		233		178
11		623		233		183
12		646		232		186
13		619		223		180
14		625		224		188
15		606		229		192
16		614		230		191
17		598		218		192
18		612		208		179
19		618		227		185
20		628		227		181
21		631		227		188
22		589		225		194
23		619		226		187
24		582		218		185
25		629		224		193
26		591		238		180
27		680		233		189
28		657		226		187
29		593		230		191
30		620		226		192
31		616		223		194
32		639		232		186
33		577		220		190
34		658		223		183
35		626		235		189
36		606		224		191
37		636		221		187
38		637		229		185
39		586		232		193
40		629		228		195
41		616		224		177
42		622		233		183
43		619		229		182
44		605		225		185
45		628		224		184
46		583		227		186
47		652		233		200
48		637		230		183
49		640		230		205
50		653		221		191
51		658		243		189
52		616		229		184
53		661		225		183
54		582		224		192
55		587		219		195
56		624		225		196
57		610		219		191
58		655		225		192
59		621		223		178
60		587		230		185
61		653		228		184
62		649		239		194
63		524		226		183
64		623		214		185
65		650		212		187
66		605		230		188
67		614		223		194
68		594		215		185
69		615		231		194
70		611		215		189
71		658		220		178
72		640		230		197
73		585		218		190
74		595		224		194
75		643		215		191
76		604		227		189
77		647		236		193
78		632		215		192
79		628		222		190
80		588		221		180
81		603		216		196
82		562		216		182
83		630		219		185
84		588		214		178
85		619		215		190
86		644		209		198
87		671		224		181
88		633		236		183
89		624		229		189
90		624		218		198
91		629		213		171
92		626		221		195
93		619		223		189
94		590		224		192
95		623		214		184
96		615		213		193
97		630		222		191
98		661		234		192
99		647		226		175
100		605		219		182
101		651		218		189
102		634		234		194
103		617		232		187
104		639		217		182
105		590		232		186
106		632		228		182
107		640		217		190
108		619		213		185
109		615		219		194
110		620		212		186
111		621		223		191
112		656		221		183
113		647		219		190
114		603		221		177
115		604		223		181
116		630		225		192
117		604		221		193
118		618		217		180
119		623		213		193
120		598		224		194
121		572		211		179
122		609		221		195
123		595		218		182
124		599		208		204
125		553		211		178
126		625		207		177
127		623		212		186
128		632		225		183
129		629		222		182
130		589		211		183
131		624		213		192
132		551		216		183
133		649		226		185
134		628		216		189
135		624		214		180
136		641		226		175
137		598		215		180
138		647		219		184
139		555		219		181
140		606		212		188
141		625		214		180
142		603		227		188
143		632		218		193
144		634		201		192
145		606		224		198
146		611		225		187
147		640		216		182
148		625		220		180
149		612		221		194
150		611		215		178
151		623		227		183
152		605		222		192
153		608		217		186
154		590		225		186
155		668		222		195
156		609		222		184
157		615		223		193
158		653		222		182
159		584		218		189
160		655		222		188
161		662		225		199
162		639		231		184
163		626		213		191
164		602		214		182
165		545		202		188
166		570		200		188
167		603		210		186
168		617		217		177
169		631		223		184
170		593		219		188
171		620		212		190
172		651		227		177
173		626		216		194
174		626		208		183
175		629		218		190
176		606		216		182
177		640		212		191
178		606		218		193
179		631		219		198
180		612		228		187
181		602		218		184
182		628		209		187
183		595		223		181
184		618		225		179
185		626		213		193
186		641		219		188
187		626		222		180
188		595		215		193
189		578		212		189
190		626		217		188
191		607		220		196
192		596		204		194
193		642		213		181
194		625		221		192
195		653		212		198
196		600		215		192
197		592		212		188
198		624		224		190
199		629		218		181
200		642		213		187
201		564		222		194
202		627		213		198
203		586		215		186
204		600		216		195
205		614		209		195
206		585		212		186
207		643		223		189
208		560		220		184
209		586		215		185
210		625		216		196
211		604		213		191
212		599		216		187
213		576		216		196
214		628		212		183
215		574		224		175
216		620		193		200
217		597		211		182
218		568		196		183
219		629		208		191
220		618		205		190
221		607		210		191
222		631		227		185
223		644		218		177
224		585		212		203
225		597		221		192
226		668		205		185
227		661		217		185
228		649		232		185
229		610		218		159
230		641		218		189
231		590		213		187
232		628		196		184
233		623		216		193
234		602		220		181
235		640		213		194
236		646		229		185
237		621		215		180
238		612		201		192
239		618		214		182
240		595		214		189
241		623		220		191
242		590		213		183
243		621		231		184
244		625		202		187
245		641		222		180
246		635		211		182
247		607		212		193
248		632		219		198
249		612		205		182
250		600		218		194
251		595		211		189
252		625		230		201
253		574		202		183
254		557		207		186
255		592		193		187
256		584		207		185
257		667		209		172
258		618		211		182
259		597		212		186
260		664		214		189
261		625		225		189
262		587		211		188
263		620		203		186
264		552		205		189
265		618		181		183
266		600		214		189
267		610		216		194
268		618		208		190
269		558		198		187
270		594		209		191
271		617		205		187
272		672		207		179
273		616		210		184
274		632		202		185
275		619		200		187
276		631		214		188
277		577		210		177
278		608		214		194
279		594		195		192
280		627		205		185
281		667		228		180
282		600		210		194
283		601		200		182
284		646		218		192
285		597		216		179
286		584		198		188
287		664		204		194
288		626		217		188
289		619		209		195
290		604		216		174
291		621		215		197
292		628		210		193
293		638		227		188
294		575		210		199
295		565		218		172
296		604		203		190
297		619		210		198
298		620		214		186
299		554		203		190
300		618		217		189
301		592		206		185
302		571		185		203
303		526		202		190
304		574		195		188
305		603		214		190
306		579		206		192
307		606		212		187
308		576		200		185
309		605		200		187
310		544		200		191
311		628		206		187
312		597		212		194
313		613		206		185
314		577		195		188
315		606		216		186
316		569		214		182
317		609		211		198
318		595		212		175
319		621		214		183
320		613		203		189
321		606		211		182
322		613		221		193
323		672		215		190
324		574		215		198
325		610		198		191
326		547		208		193
327		571		183		190
328		616		193		198
329		586		210		178
330		583		188		180
331		610		203		185
332		588		218		179
333		609		198		192
334		634		212		173
335		605		200		186
336		625		217		187
337		616		203		185
338		600		201		189
339		576		197		194
340		598		209		186
341		625		199		189
342		592		201		181
343		637		201		180
344		552		212		190
345		604		193		182
346		599		194		193
347		630		221		188
348		639		205		197
349		609		206		187
350		604		210		185
351		583		202		186
352		614		197		188
353		626		203		186
354		596		200		197
355		565		201		181
356		676		206		176
357		562		215		188
358		561		183		183
359		613		207		196
360		614		208		185
361		627		217		200
362		613		204		179
363		552		217		184
364		550		199		191
365		608		187		181
366		608		214		187
367		594		205		193
368		584		194		184
369		581		209		180
370		584		184		186
371		563		194		177
372		591		207		178
373		607		208		188
374		574		206		193
375		531		167		192
376		583		182		187
377		601		194		191
378		594		204		181
379		562		205		183
380		609		195		185
381		655		209		193
382		644		222		195
383		610		194		192
384		532		188		179
385		617		195		182
386		538		208		193
387		573		209		184
388		639		204		188
389		603		198		182
390		551		201		190
391		607		203		185
392		613		198		187
393		587		181		184
394		590		193		184
395		600		197		199
396		552		190		189
397		608		184		189
398		605		208		187
399		611		197		180
400		581		213		185
401		590		196		195
402		603		194		186
403		626		197		179
404		596		194		188
405		595		185		185
406		542		182		189
407		565		190		191
408		573		196		179
409		578		198		183
410		621		183		186
411		565		200		188
412		639		186		187
413		583		203		191
414		519		171		180
415		646		186		187
416		590		212		190
417		621		191		198
418		597		197		187
419		621		208		189
420		586		194		186
421		585		193		186
422		536		184		186
423		551		161		192
424		631		191		191
425		556		200		180
426		606		180		192
427		595		210		179
428		526		197		188
429		598		193		192
430		622		195		186
431		553		182		189
432		597		201		186
433		580		184		185
434		649		195		182
435		595		216		193
436		585		197		189
437		566		190		193
438		560		184		189
439		549		178		176
440		584		175		187
441		577		188		192
442		619		190		177
443		624		197		193
444		625		190		189
445		610		186		190
446		583		198		190
447		548		193		185
448		564		197		181
449		583		184		192
450		607		204		191
451		584		209		187
452		543		193		180
453		590		196		187
454		555		198		178
455		538		174		187
456		575		163		191
457		549		178		195
458		566		176		197
459		620		208		189
460		609		210		194
461		566		198		183
462		617		191		191
463		588		202		183
464		630		188		185
465		564		210		185
466		632		193		189
467		588		210		191
468		632		189		184
469		566		196		192
470		638		184		192
471		611		193		195
472		608		202		196
473		623		185		195
474		552		208		182
475		541		168		193
476		576		182		192
477		587		184		191
478		592		175		191
479		598		205		189
480		586		182		181
481		588		201		179
482		545		182		189
483		604		192		200
484		575		187		182
485		568		173		191
486		573		207		177
487		598		192		190
488		593		193		185
489		562		198		186
490		618		181		186
491		600		192		192
492		597		196		183
493		630		184		175
494		606		204		176
495		571		182		183
496		529		184		181
497		621		191		187
498		581		186		191
499		543		189		192
500		537		152		176
501		591		168		185
502		559		190		189
503		552		184		185
504		552		158		196
505		563		167		184
506		511		176		193
507		499		172		190
508		555		168		193
509		580		183		191
510		593		180		188
511		573		185		189
512		561		169		184
513		570		171		183
514		525		175		191
515		575		163		193
516		617		198		178
517		592		192		189
518		600		190		182
519		621		206		183
520		566		193		188
521		545		190		194
522		601		184		189
523		610		182		198
524		608		175		178
525		563		175		191
526		526		176		190
527		589		166		191
528		503		176		189
529		623		161		186
530		569		193		194
531		527		162		190
532		568		181		201
533		540		190		196
534		609		161		186
535		610		205		200
536		606		187		175
537		548		188		186
538		614		177		194
539		564		177		192
540		520		154		193
541		590		170		189
542		553		180		179
543		555		182		183
544		493		162		193
545		534		154		197
546		500		176		198
547		483		125		192
548		550		160		185
549		596		172		191
550		547		165		179
551		542		163		194
552		523		172		187
553		586		159		185
554		597		172		193
555		508		172		183
556		556		172		189
557		503		144		194
558		608		168		187
559		547		167		193
560		563		155		195
561		555		169		196
562		483		159		184
563		513		135		191
564		543		134		185
565		589		161		182
566		599		194		186
567		564		165		193
568		589		170		193
569		557		182		179
570		565		182		195
571		573		161		188
572		548		164		179
573		594		171		198
574		498		171		182
575		599		159		192
576		576		182		186
577		593		170		194
578		609		180		187
579		558		188		188
580		602		185		179
581		598		192		183
582		576		185		189
583		597		182		181
584		541		175		177
585		532		178		184
586		564		162		193
587		576		176		182
588		563		190		182
589		547		169		184
590		565		166		183
591		585		195		189
592		554		180		190
593		561		180		188
594		548		172		186
595		514		179		188
596		559		153		192
597		515		172		187
598		546		161		195
599		511		144		188
600		555		159		190
601		528		146		194
602		513		149		186
603		520		166		183
604		595		174		187
605		538		182		192
606		556		162		184
607		572		169		192
608		535		156		188
609		487		149		186
610		567		161		188
611		574		171		191
612		509		156		196
613		500		139		190
614		543		165		180
615		485		139		198
616		541		150		188
617		528		160		182
618		529		156		195
619		561		164		194
620		537		167		186
621		502		152		193
622		564		167		194
623		496		159		193
624		523		162		191
625		553		153		185
626		602		180		199
627		528		175		189
628		561		167		194
629		580		153		192
630		538		174		198
631		542		154		197
632		571		160		181
633		514		146		183
634		499		138		190
635		524		136		191
636		498		139		192
637		487		155		193
638		501		121		189
639		505		129		187
640		546		156		186
641		530		156		182
642		553		159		193
643		559		158		185
644		572		169		186
645		561		154		195
646		502		151		188
647		508		135		185
648		549		145		181
649		508		137		175
650		512		146		184
651		544		151		182
652		539		165		185
653		579		160		183
654		559		167		180
655		513		163		188
656		510		148		185
657		558		145		184
658		513		157		192
659		508		138		188
660		513		148		191
661		473		142		187
662		473		137		190
663		462		140		183
664		475		138		185
665		509		117		184
666		530		145		182
667		491		160		194
668		511		158		188
669		530		160		193
670		496		148		192
671		506		132		176
672		561		154		189
673		536		142		183
674		572		171		199
675		508		159		192
676		502		161		182
677		553		147		185
678		565		148		187
679		516		172		187
680		521		149		192
681		540		147		185
682		509		141		187
683		477		147		187
684		511		140		188
685		476		121		191
686		446		115		186
687		459		129		193
688		506		128		191
689		545		146		176
690		447		133		185
691		490		122		190
692		478		138		190
693		560		147		193
694		542		151		184
695		475		135		188
696		515		134		194
697		491		140		180
698		500		138		185
699		506		155		197
700		527		128		196
701		573		157		198
702		528		154		184
703		480		138		195
704		491		124		197
705		512		135		191
706		464		129		191
707		507		141		185
708		495		135		187
709		497		148		198
710		553		152		193
711		534		154		180
712		539		132		178
713		539		160		181
714		490		118		193
715		467		142		178
716		554		134		190
717		555		143		194
718		542		164		187
719		528		152		176
720		457		143		193
721		472		101		177
722		472		124		182
723		541		135		187
724		488		141		181
725		537		140		186
726		502		174		177
727		537		139		184
728		482		134		188
729		581		153		187
730		568		159		189
731		484		153		190
732		502		145		186
733		469		146		190
734		489		123		181
735		580		156		186
736		527		151		181
737		539		142		189
738		548		158		189
739		526		150		194
740		489		130		180
741		437		117		193
742		436		106		185
743		366		91		184
744		476		87		191
745		444		110		189
746		506		124		183
747		529		150		197
748		510		137		194
749		447		142		185
750		526		126		184
751		525		125		189
752		503		138		188
753		501		128		191
754		495		126		188
755		516		136		188
756		511		144		186
757		517		164		184
758		504		124		190
759		532		128		179
760		478		130		179
761		464		113		194
762		471		121		190
763		471		109		190
764		474		123		196
765		435		122		185
766		381		98		182
767		500		104		187
768		446		120		184
769		462		122		193
770		464		109		182
771		453		116		195
772		446		115		183
773		468		124		176
774		446		116		178
775		425		115		184
776		517		119		196
777		502		126		183
778		435		120		180
779		460		116		177
780		462		106		191
781		458		111		183
782		455		103		185
783		463		109		182
784		493		122		195
785		485		136		190
786		498		134		194
787		455		127		188
788		484		133		191
789		462		113		188
790		388		95		183
791		400		93		188
792		430		103		186
793		417		100		186
794		513		113		191
795		527		153		190
796		492		145		191
797		431		111		193
798		461		124		185
799		444		118		196
800		412		102		194
801		434		106		183
802		406		92		186
803		447		84		185
804		414		96		175
805		452		111		187
806		421		89		188
807		409		84		185
808		455		93		190
809		415		105		188
810		395		120		184
811		379		90		177
812		393		81		188
813		457		94		196
814		395		100		193
815		397		88		184
816		429		101		189
817		423		104		183
818		363		82		191
819		381		79		197
820		417		90		194
821		403		103		190
822		436		88		189
823		363		85		191
824		364		86		183
825		430		91		186
826		394		89		187
827		423		101		175
828		474		117		189
829		435		95		183
830		444		99		185
831		422		96		193
832		433		101		188
833		447		113		185
834		445		104		182
835		479		109		196
836		407		96		195
837		385		96		185
838		376		66		187
839		391		93		193
840		355		80		184
841		436		87		188
842		403		99		181
843		406		76		185
844		435		89		197
845		402		89		187
846		391		84		181
847		454		84		196
848		442		100		192
849		448		114		186
850		380		81		188
851		389		83		188
852		432		93		182
853		434		109		183
854		447		100		177
855		432		101		189
856		420		90		191
857		458		108		188
858		443		106		183
859		380		89		188
860		412		96		192
861		378		78		188
862		378		87		186
863		415		75		183
864		429		100		176
865		401		74		182
866		414		97		191
867		391		93		182
868		371		70		194
869		349		78		185
870		333		72		185
871		346		65		187
872		368		71		171
873		390		84		186
874		377		90		189
875		371		93		186
876		422		102		182
877		450		107		177
878		398		99		188
879		355		92		198
880		333		63		195
881		335		56		190
882		368		80		181
883		347		81		189
884		333		69		190
885		316		68		191
886		266		54		188
887		254		42		182
888		262		41		184
889		300		47		189
890		330		67		181
891		379		61		190
892		359		93		194
893		376		72		190
894		402		85		194
895		374		94		193
896		358		71		189
897		344		76		188
898		360		72		180
899		333		70		181
900		267		48		188
901		322		50		183
902		317		65		178
903		320		48		180
904		332		58		189
905		354		64		184
906		362		73		185
907		328		62		185
908		315		56		194
909		340		69		193
910		316		62		189
911		399		77		187
912		360		84		190
913		419		77		190
914		409		91		188
915		392		91		190
916		369		84		189
917		331		70		189
918		322		62		187
919		328		70		190
920		328		68		186
921		389		79		191
922		404		72		178
923		359		82		190
924		337		71		187
925		357		61		189
926		336		64		185
927		372		58		183
928		334		62		187
929		315		54		195
930		263		56		185
931		246		38		185
932		239		39		192
933		249		32		185
934		276		46		192
935		255		46		191
936		242		37		189
937		245		34		186
938		219		35		186
939		213		34		189
940		221		25		185
941		245		20		182
942		255		29		186
943		237		38		189
944		269		39		191
945		277		43		186
946		256		49		184
947		267		44		190
948		304		48		189
949		286		51		185
950		331		58		183
951		310		61		190
952		341		66		190
953		346		73		185
954		309		66		193
955		288		58		192
956		266		46		184
957		258		39		182
958		234		36		191
959		241		37		189
960		249		45		197
961		257		44		191
962		299		49		186
963		278		48		185
964		305		68		192
965		266		49		194
966		277		46		185
967		317		51		194
968		336		54		184
969		333		61		187
970		294		49		184
971		249		49		183
972		268		38		182
973		255		39		187
974		258		34		188
975		292		50		192
976		311		46		189
977		303		44		181
978		287		56		183
979		298		43		184
980		261		47		192
981		266		54		190
982		296		46		189
983		294		47		186
984		284		44		192
985		260		38		192
986		282		37		182
987		267		55		189
988		246		50		189
989		257		40		191
990		276		43		188
991		273		47		195
992		273		44		190
993		301		42		186
994		286		41		180
995		310		43		194
996		356		62		194
997		373		88		184
998		300		62		186
999		333		67		189
