# Migration is number of nodes that have changed color.

Round		Edge-Cut		Swaps		Migrations		Skipped
0		595		247		204
1		630		244		182
2		654		245		186
3		621		242		186
4		660		244		186
5		632		244		191
6		619		243		186
7		676		246		186
8		621		240		175
9		604		244		198
10		671		241		187
11		642		247		188
12		625		245		187
13		636		246		180
14		624		242		197
15		607		241		183
16		584		240		190
17		679		240		185
18		617		244		187
19		615		247		183
20		665		242		189
21		627		243		193
22		622		246		196
23		616		241		191
24		614		245		175
25		683		243		192
26		597		239		186
27		635		231		190
28		601		241		178
29		664		239		183
30		655		240		200
31		592		239		192
32		665		241		179
33		627		238		199
34		625		241		179
35		625		235		179
36		642		237		182
37		635		245		183
38		624		241		184
39		610		241		186
40		634		238		193
41		606		243		182
42		661		233		180
43		630		240		194
44		665		244		191
45		619		243		184
46		613		235		191
47		654		233		183
48		662		241		189
49		627		237		177
50		632		231		190
51		621		235		186
52		629		240		180
53		641		242		191
54		637		242		188
55		647		235		194
56		678		237		184
57		653		239		192
58		645		236		182
59		628		243		198
60		627		240		186
61		628		230		189
62		606		235		179
63		616		240		198
64		640		232		193
65		615		231		188
66		623		237		195
67		622		234		193
68		629		234		185
69		628		241		186
70		655		234		169
71		598		239		193
72		630		230		202
73		585		235		206
74		589		229		189
75		641		236		184
76		618		235		187
77		676		229		186
78		616		238		188
79		595		232		185
80		654		227		190
81		587		239		186
82		633		230		186
83		618		227		199
84		689		230		190
85		627		231		190
86		575		228		192
87		657		230		181
88		595		232		182
89		619		226		189
90		630		236		185
91		605		222		190
92		637		234		188
93		639		230		188
94		625		229		191
95		624		226		192
96		606		217		188
97		612		212		187
98		611		217		183
99		586		210		187
100		634		217		182
101		634		232		185
102		647		212		194
103		631		221		196
104		652		223		179
105		625		223		186
106		663		221		191
107		647		218		186
108		636		215		187
109		571		226		190
110		604		212		176
111		622		210		194
112		614		215		192
113		571		200		178
114		543		202		193
115		571		193		191
116		597		211		189
117		630		201		185
118		628		209		182
119		638		208		178
120		595		208		204
121		601		195		184
122		589		207		181
123		592		190		193
124		556		212		189
125		609		205		203
126		568		205		184
127		634		204		192
128		604		203		184
129		610		191		174
130		643		207		198
131		577		208		179
132		621		210		186
133		578		209		184
134		576		202		181
135		587		186		187
136		546		191		184
137		609		180		187
138		627		198		197
139		597		190		185
140		621		190		195
141		587		198		183
142		584		182		179
143		622		188		192
144		561		185		184
145		566		184		189
146		560		191		183
147		511		166		185
148		610		201		196
149		569		180		179
150		567		170		185
151		602		183		191
152		548		159		182
153		557		182		196
154		540		190		185
155		555		177		197
156		566		163		181
157		591		183		183
158		574		171		180
159		534		168		185
160		547		156		183
161		528		171		193
162		524		161		189
163		521		136		183
164		518		157		182
165		590		178		186
166		551		180		182
167		504		148		194
168		540		144		191
169		553		152		177
170		503		142		188
171		504		133		182
172		532		134		184
173		507		155		180
174		527		142		186
175		506		139		191
176		570		150		187
177		527		157		189
178		473		141		186
179		464		125		185
180		462		119		175
181		457		122		195
182		480		119		190
183		363		97		186
184		400		83		197
185		506		115		176
186		504		137		176
187		458		120		178
188		421		107		187
189		429		110		193
190		409		82		185
191		433		109		186
192		457		98		187
193		480		114		176
194		441		105		188
195		376		80		185
196		405		73		185
197		396		81		186
198		345		89		186
199		340		71		191
200		311		58		188
201		306		54		195
202		345		83		183
203		331		63		183
204		329		64		181
205		309		56		191
206		343		55		190
207		356		69		193
208		328		58		187
209		330		56		185
210		315		63		191
211		300		40		185
212		292		46		191
213		290		43		189
214		321		71		190
215		256		51		186
216		274		37		190
217		249		39		182
218		250		31		191
219		273		33		185
220		255		37		183
221		279		43		186
222		301		46		184
223		253		40		192
224		273		44		189
225		288		36		183
226		253		27		187
227		239		32		189
228		229		24		195
229		243		30		188
230		232		25		185
231		252		36		192
232		206		31		183
233		192		26		188
234		198		15		182
235		173		22		193
236		179		10		189
237		191		17		189
238		172		14		188
239		173		12		189
240		187		14		188
241		189		12		187
242		194		14		192
243		175		17		187
244		165		12		187
245		143		8		191
246		149		5		188
247		151		4		189
248		145		8		188
249		147		3		187
250		153		9		190
251		147		5		191
252		152		9		189
253		150		5		187
254		149		6		188
255		147		11		187
256		156		7		189
257		151		6		187
258		153		10		187
259		165		8		188
260		162		9		189
261		159		7		188
262		160		5		188
263		157		9		185
264		156		6		185
265		156		4		182
266		153		10		189
267		159		5		189
268		156		13		190
269		148		6		188
270		150		5		189
271		147		5		189
272		152		6		190
273		154		5		190
274		165		11		195
275		167		8		195
276		162		9		188
277		151		8		188
278		156		7		185
279		148		9		186
280		151		5		186
281		153		2		184
282		146		4		186
283		136		6		188
284		135		4		186
285		133		2		186
286		133		3		185
287		137		3		182
288		146		4		186
289		144		3		186
290		131		10		186
291		141		4		183
292		142		4		186
293		144		3		185
294		134		8		185
295		139		3		185
296		132		5		188
297		131		2		188
298		131		2		187
299		123		2		189
300		125		1		189
301		124		2		187
302		124		0		187
303		127		1		188
304		128		1		188
305		128		0		188
306		124		1		189
307		122		2		188
308		121		1		189
309		121		0		189
310		121		0		189
311		121		0		189
312		123		1		189
313		121		2		189
314		117		3		188
315		118		3		187
316		119		2		187
317		119		0		187
318		119		0		187
319		122		1		187
320		122		0		187
321		122		0		187
322		126		2		185
323		124		2		186
324		121		1		187
325		121		0		187
326		123		2		187
327		122		1		188
328		123		2		189
329		122		1		189
330		133		5		188
331		127		2		189
332		121		1		190
333		121		0		190
334		120		1		188
335		120		0		188
336		121		1		190
337		120		1		189
338		120		0		189
339		128		2		188
340		124		1		189
341		121		1		189
342		120		1		189
343		120		0		189
344		121		1		188
345		119		1		189
346		119		1		190
347		119		1		189
348		119		0		189
349		119		0		189
350		120		1		189
351		120		0		189
352		121		2		188
353		121		0		188
354		121		0		188
355		121		0		188
356		121		0		188
357		121		0		188
358		121		0		188
359		121		0		188
360		121		0		188
361		121		0		188
362		121		0		188
363		121		1		189
364		122		1		188
365		120		1		187
366		120		0		187
367		120		0		187
368		120		0		187
369		120		0		187
370		122		1		187
371		122		0		187
372		122		0		187
373		122		0		187
374		122		0		187
375		121		1		188
376		121		0		188
377		121		0		188
378		118		2		189
379		117		1		188
380		117		0		188
381		117		0		188
382		117		0		188
383		117		0		188
384		117		0		188
385		117		1		187
386		117		0		187
387		117		0		187
388		117		0		187
389		117		0		187
390		117		0		187
391		117		0		187
392		117		0		187
393		117		0		187
394		117		0		187
395		117		0		187
396		117		0		187
397		117		0		187
398		117		0		187
399		117		0		187
400		121		1		188
401		120		1		186
402		120		0		186
403		120		0		186
404		120		0		186
405		117		1		186
406		117		0		186
407		117		0		186
408		117		0		186
409		117		0		186
410		117		0		186
411		117		0		186
412		117		0		186
413		117		0		186
414		117		0		186
415		117		0		186
416		117		0		186
417		117		0		186
418		117		0		186
419		117		0		186
420		117		0		186
421		117		0		186
422		117		0		186
423		117		0		186
424		117		0		186
425		117		1		187
426		117		1		186
427		117		1		187
428		117		1		186
429		117		0		186
430		117		0		186
431		117		0		186
432		117		0		186
433		117		0		186
434		117		0		186
435		117		0		186
436		117		0		186
437		117		0		186
438		117		1		187
439		117		0		187
440		117		0		187
441		117		0		187
442		117		0		187
443		117		0		187
444		117		0		187
445		117		0		187
446		117		0		187
447		117		0		187
448		117		0		187
449		117		0		187
450		117		0		187
451		117		0		187
452		117		0		187
453		117		0		187
454		117		0		187
455		117		0		187
456		117		0		187
457		117		0		187
458		117		1		186
459		117		0		186
460		117		0		186
461		117		0		186
462		117		0		186
463		117		0		186
464		117		0		186
465		117		0		186
466		118		1		187
467		118		0		187
468		118		0		187
469		118		0		187
470		118		0		187
471		118		0		187
472		118		0		187
473		118		0		187
474		118		0		187
475		118		0		187
476		118		0		187
477		118		0		187
478		118		0		187
479		119		1		187
480		119		0		187
481		119		0		187
482		119		0		187
483		119		0		187
484		119		0		187
485		119		0		187
486		118		1		187
487		118		0		187
488		118		0		187
489		118		0		187
490		118		0		187
491		118		0		187
492		118		0		187
493		118		0		187
494		118		0		187
495		118		1		188
496		118		0		188
497		118		0		188
498		118		0		188
499		118		1		187
500		118		1		188
501		118		0		188
502		118		0		188
503		118		0		188
504		118		0		188
505		118		0		188
506		118		0		188
507		118		0		188
508		118		0		188
509		118		0		188
510		118		0		188
511		118		0		188
512		118		0		188
513		118		0		188
514		118		0		188
515		118		1		187
516		118		0		187
517		118		0		187
518		118		0		187
519		118		0		187
520		118		0		187
521		118		0		187
522		118		0		187
523		118		0		187
524		118		0		187
525		118		0		187
526		118		0		187
527		118		0		187
528		118		0		187
529		118		0		187
530		118		0		187
531		118		0		187
532		118		0		187
533		118		0		187
534		118		0		187
535		118		0		187
536		118		0		187
537		118		0		187
538		118		0		187
539		118		0		187
540		118		0		187
541		118		0		187
542		118		0		187
543		118		0		187
544		118		0		187
545		118		0		187
546		118		0		187
547		118		0		187
548		118		0		187
549		118		0		187
550		118		0		187
551		118		0		187
552		118		0		187
553		118		0		187
554		118		0		187
555		118		0		187
556		118		0		187
557		118		0		187
558		118		0		187
559		118		0		187
560		118		0		187
561		118		0		187
562		118		0		187
563		118		0		187
564		118		0		187
565		118		0		187
566		118		1		188
567		118		0		188
568		118		0		188
569		118		0		188
570		118		0		188
571		118		0		188
572		118		0		188
573		118		0		188
574		118		0		188
575		118		0		188
576		118		0		188
577		118		0		188
578		118		0		188
579		118		0		188
580		118		0		188
581		118		0		188
582		118		0		188
583		118		0		188
584		118		0		188
585		118		0		188
586		118		0		188
587		118		0		188
588		118		0		188
589		118		0		188
590		118		0		188
591		118		0		188
592		118		0		188
593		118		0		188
594		118		0		188
595		118		0		188
596		118		0		188
597		118		0		188
598		118		1		187
599		118		0		187
600		118		0		187
601		118		0		187
602		118		0		187
603		118		0		187
604		118		1		188
605		118		1		187
606		118		0		187
607		118		0		187
608		118		0		187
609		118		0		187
610		118		0		187
611		118		0		187
612		118		0		187
613		118		0		187
614		118		0		187
615		118		0		187
616		118		0		187
617		118		1		188
618		118		0		188
619		118		0		188
620		118		0		188
621		118		0		188
622		118		0		188
623		118		0		188
624		118		0		188
625		118		0		188
626		118		0		188
627		118		0		188
628		118		0		188
629		118		0		188
630		118		0		188
631		118		0		188
632		118		0		188
633		118		0		188
634		118		0		188
635		118		0		188
636		118		0		188
637		118		0		188
638		118		0		188
639		118		0		188
640		118		0		188
641		118		0		188
642		118		0		188
643		118		0		188
644		118		0		188
645		118		0		188
646		118		0		188
647		118		0		188
648		118		0		188
649		118		0		188
650		118		0		188
651		118		0		188
652		118		0		188
653		118		0		188
654		118		1		187
655		118		0		187
656		118		0		187
657		118		0		187
658		118		0		187
659		118		0		187
660		118		0		187
661		118		0		187
662		118		0		187
663		118		0		187
664		118		0		187
665		118		0		187
666		118		0		187
667		118		0		187
668		118		0		187
669		118		0		187
670		118		0		187
671		118		0		187
672		118		0		187
673		118		0		187
674		118		0		187
675		118		0		187
676		118		1		188
677		118		0		188
678		118		0		188
679		118		0		188
680		118		0		188
681		118		0		188
682		118		0		188
683		118		0		188
684		118		0		188
685		118		0		188
686		118		0		188
687		118		0		188
688		118		0		188
689		118		0		188
690		118		0		188
691		118		0		188
692		118		0		188
693		118		0		188
694		118		0		188
695		118		0		188
696		118		0		188
697		118		0		188
698		118		0		188
699		118		0		188
700		118		0		188
701		118		0		188
702		118		0		188
703		118		0		188
704		118		0		188
705		118		0		188
706		118		0		188
707		118		0		188
708		118		0		188
709		118		0		188
710		118		0		188
711		118		0		188
712		118		0		188
713		118		0		188
714		118		0		188
715		118		0		188
716		118		0		188
717		118		0		188
718		118		0		188
719		118		0		188
720		118		0		188
721		118		0		188
722		118		0		188
723		118		0		188
724		118		0		188
725		118		0		188
726		118		0		188
727		118		0		188
728		118		0		188
729		118		1		187
730		118		0		187
731		118		0		187
732		118		0		187
733		118		0		187
734		118		0		187
735		118		0		187
736		118		0		187
737		118		0		187
738		118		1		188
739		118		0		188
740		118		0		188
741		118		0		188
742		118		0		188
743		118		0		188
744		118		0		188
745		118		0		188
746		118		0		188
747		118		0		188
748		118		0		188
749		118		0		188
750		118		0		188
751		118		0		188
752		118		0		188
753		118		0		188
754		118		0		188
755		118		0		188
756		118		1		187
757		118		0		187
758		118		0		187
759		118		0		187
760		118		0		187
761		118		0		187
762		118		0		187
763		118		0		187
764		118		0		187
765		118		1		188
766		118		0		188
767		118		0		188
768		118		0		188
769		118		0		188
770		118		0		188
771		118		0		188
772		118		0		188
773		118		0		188
774		118		0		188
775		118		0		188
776		118		0		188
777		118		0		188
778		118		0		188
779		118		0		188
780		118		1		187
781		118		0		187
782		118		0		187
783		118		0		187
784		118		0		187
785		118		0		187
786		118		0		187
787		118		0		187
788		118		0		187
789		118		0		187
790		118		0		187
791		118		0		187
792		118		0		187
793		118		0		187
794		118		0		187
795		118		0		187
796		118		0		187
797		118		0		187
798		118		0		187
799		118		0		187
800		118		0		187
801		118		0		187
802		118		0		187
803		118		0		187
804		118		0		187
805		118		0		187
806		118		0		187
807		118		0		187
808		118		0		187
809		118		0		187
810		118		0		187
811		118		1		188
812		118		0		188
813		118		0		188
814		118		0		188
815		118		0		188
816		118		0		188
817		118		1		187
818		118		0		187
819		118		0		187
820		118		0		187
821		118		0		187
822		118		0		187
823		118		0		187
824		118		0		187
825		118		0		187
826		118		0		187
827		118		0		187
828		118		0		187
829		118		2		187
830		118		0		187
831		118		0		187
832		118		0		187
833		118		0		187
834		118		0		187
835		118		0		187
836		118		0		187
837		118		1		188
838		118		0		188
839		118		0		188
840		118		1		187
841		118		0		187
842		118		0		187
843		118		0		187
844		118		1		188
845		118		0		188
846		118		1		187
847		118		0		187
848		118		0		187
849		118		0		187
850		118		0		187
851		118		0		187
852		118		0		187
853		118		0		187
854		118		0		187
855		118		0		187
856		118		0		187
857		118		0		187
858		118		0		187
859		118		0		187
860		118		0		187
861		118		0		187
862		118		0		187
863		118		0		187
864		118		0		187
865		118		0		187
866		118		0		187
867		118		0		187
868		118		0		187
869		118		0		187
870		118		0		187
871		118		0		187
872		118		0		187
873		118		0		187
874		118		0		187
875		118		0		187
876		118		0		187
877		118		0		187
878		118		0		187
879		118		0		187
880		118		0		187
881		118		0		187
882		118		0		187
883		118		0		187
884		118		0		187
885		118		0		187
886		118		0		187
887		118		0		187
888		118		0		187
889		118		0		187
890		118		0		187
891		118		0		187
892		118		0		187
893		118		0		187
894		118		0		187
895		118		0		187
896		118		0		187
897		118		0		187
898		118		0		187
899		118		0		187
900		118		0		187
901		118		0		187
902		118		1		188
903		118		0		188
904		118		0		188
905		118		0		188
906		118		0		188
907		118		0		188
908		118		0		188
909		118		1		187
910		118		0		187
911		118		0		187
912		118		0		187
913		118		0		187
914		118		0		187
915		118		1		188
916		118		0		188
917		118		0		188
918		118		0		188
919		118		1		187
920		118		0		187
921		118		0		187
922		118		0		187
923		118		1		188
924		118		0		188
925		118		0		188
926		118		0		188
927		118		0		188
928		118		1		187
929		118		0		187
930		118		0		187
931		118		0		187
932		118		0		187
933		118		0		187
934		118		0		187
935		118		0		187
936		118		0		187
937		118		0		187
938		118		0		187
939		118		0		187
940		118		0		187
941		118		0		187
942		118		0		187
943		118		0		187
944		118		0		187
945		118		0		187
946		118		0		187
947		118		0		187
948		118		0		187
949		118		0		187
950		118		0		187
951		118		0		187
952		118		0		187
953		118		0		187
954		118		0		187
955		118		0		187
956		118		0		187
957		118		0		187
958		118		0		187
959		118		0		187
960		118		0		187
961		118		0		187
962		118		0		187
963		118		0		187
964		118		0		187
965		118		0		187
966		118		0		187
967		118		0		187
968		118		1		188
969		118		0		188
970		118		0		188
971		118		0		188
972		118		1		187
973		118		0		187
974		118		0		187
975		118		0		187
976		118		0		187
977		118		0		187
978		118		0		187
979		118		0		187
980		118		0		187
981		118		0		187
982		118		0		187
983		118		0		187
984		118		0		187
985		118		0		187
986		118		0		187
987		118		0		187
988		118		0		187
989		118		0		187
990		118		0		187
991		118		0		187
992		118		0		187
993		118		0		187
994		118		0		187
995		118		0		187
996		118		0		187
997		118		0		187
998		118		1		188
999		118		0		188
