# Migration is number of nodes that have changed color.

Round		Edge-Cut		Swaps		Migrations		Skipped
0		597		240		202
1		608		230		182
2		606		213		187
3		637		217		186
4		580		225		188
5		620		224		194
6		570		232		186
7		618		223		184
8		641		228		185
9		585		218		187
10		640		216		182
11		640		236		184
12		643		233		186
13		568		226		181
14		638		222		187
15		658		216		196
16		553		229		197
17		608		217		180
18		642		219		182
19		632		222		187
20		578		219		186
21		636		225		187
22		621		213		194
23		611		221		187
24		568		194		197
25		591		209		199
26		642		217		192
27		583		202		192
28		584		192		188
29		601		214		191
30		617		209		182
31		639		209		182
32		596		214		186
33		613		211		187
34		553		211		194
35		574		188		186
36		608		209		192
37		624		215		187
38		579		202		189
39		575		192		192
40		607		208		188
41		586		195		185
42		604		190		181
43		541		173		190
44		566		175		186
45		594		183		185
46		589		201		191
47		600		192		191
48		534		188		186
49		584		165		182
50		579		178		190
51		559		179		195
52		634		183		178
53		529		175		187
54		552		171		197
55		549		164		192
56		488		152		192
57		523		152		181
58		560		179		185
59		517		167		188
60		532		158		192
61		593		172		194
62		618		193		183
63		543		184		192
64		522		157		180
65		509		146		185
66		567		169		194
67		534		166		180
68		448		134		185
69		353		97		182
70		423		82		181
71		492		131		188
72		441		122		181
73		433		101		197
74		443		110		183
75		453		116		192
76		478		134		182
77		529		143		207
78		458		134		177
79		427		107		193
80		499		115		187
81		496		135		190
82		510		140		193
83		451		104		181
84		530		117		197
85		520		133		194
86		506		133		193
87		467		111		186
88		473		118		188
89		456		122		195
90		457		99		177
91		424		106		193
92		414		90		187
93		380		79		189
94		356		74		194
95		360		68		185
96		368		73		187
97		320		65		188
98		335		44		180
99		322		57		178
100		353		48		189
101		358		57		190
102		368		58		188
103		336		65		194
104		323		47		189
105		304		51		189
106		288		40		187
107		293		35		188
108		275		44		187
109		237		37		179
110		222		29		186
111		231		29		182
112		213		29		189
113		223		22		193
114		209		26		185
115		196		18		183
116		227		27		188
117		237		19		186
118		227		24		185
119		209		18		187
120		220		30		189
121		221		25		189
122		205		20		191
123		182		20		189
124		197		10		182
125		196		21		185
126		203		13		185
127		172		17		188
128		169		7		187
129		169		9		186
130		175		14		189
131		172		11		188
132		167		7		190
133		153		8		186
134		157		7		189
135		162		6		188
136		164		12		190
137		167		17		194
138		171		10		190
139		181		9		193
140		167		10		188
141		160		8		189
142		153		2		188
143		141		5		189
144		141		3		188
145		144		3		186
146		146		5		183
147		144		5		185
148		140		3		186
149		141		3		187
150		133		4		188
151		139		2		187
152		141		5		188
153		139		1		186
154		142		2		184
155		153		4		184
156		142		7		184
157		139		1		183
158		136		2		184
159		140		4		188
160		149		5		187
161		153		6		189
162		150		4		188
163		144		5		188
164		144		0		188
165		140		3		190
166		141		4		189
167		138		3		188
168		132		1		189
169		132		0		189
170		132		0		189
171		130		2		190
172		129		1		191
173		129		0		191
174		133		1		189
175		131		3		190
176		130		1		189
177		130		0		189
178		130		0		189
179		130		0		189
180		130		0		189
181		128		1		187
182		128		0		187
183		128		0		187
184		128		2		187
185		128		0		187
186		128		0		187
187		131		1		187
188		132		1		187
189		134		1		187
190		124		2		187
191		124		0		187
192		124		2		187
193		126		1		186
194		126		0		186
195		124		1		186
196		124		0		186
197		124		0		186
198		126		1		188
199		130		2		188
200		130		0		188
201		129		2		185
202		128		4		186
203		126		1		187
204		126		0		187
205		130		1		189
206		126		2		189
207		126		0		189
208		126		0		189
209		128		1		188
210		124		1		186
211		124		0		186
212		124		0		186
213		126		1		186
214		126		0		186
215		128		1		186
216		128		0		186
217		128		0		186
218		124		1		186
219		126		2		185
220		126		0		185
221		124		1		185
222		124		0		185
223		124		0		185
224		124		0		185
225		124		0		185
226		124		0		185
227		124		0		185
228		124		0		185
229		124		0		185
230		124		0		185
231		124		0		185
232		124		0		185
233		124		0		185
234		124		0		185
235		124		0		185
236		124		0		185
237		124		0		185
238		124		0		185
239		124		0		185
240		124		0		185
241		124		0		185
242		124		0		185
243		124		0		185
244		124		0		185
245		124		0		185
246		124		0		185
247		124		0		185
248		124		0		185
249		124		0		185
250		124		0		185
251		124		0		185
252		124		0		185
253		124		0		185
254		124		0		185
255		124		0		185
256		124		0		185
257		124		0		185
258		124		0		185
259		124		0		185
260		124		0		185
261		124		0		185
262		124		0		185
263		124		0		185
264		124		0		185
265		124		0		185
266		124		0		185
267		124		0		185
268		124		0		185
269		124		0		185
270		124		0		185
271		124		0		185
272		124		0		185
273		124		0		185
274		124		0		185
275		124		0		185
276		124		0		185
277		124		0		185
278		124		0		185
279		124		0		185
280		124		0		185
281		124		0		185
282		124		0		185
283		124		0		185
284		124		0		185
285		124		0		185
286		124		0		185
287		124		0		185
288		124		0		185
289		124		0		185
290		124		0		185
291		124		0		185
292		124		0		185
293		124		0		185
294		124		0		185
295		124		0		185
296		124		0		185
297		124		0		185
298		124		0		185
299		124		0		185
300		124		0		185
301		124		0		185
302		124		0		185
303		124		0		185
304		124		0		185
305		124		0		185
306		124		0		185
307		124		0		185
308		124		0		185
309		124		0		185
310		124		0		185
311		124		0		185
312		124		0		185
313		124		0		185
314		124		0		185
315		124		0		185
316		124		0		185
317		124		0		185
318		124		0		185
319		124		0		185
320		124		0		185
321		124		0		185
322		124		0		185
323		124		0		185
324		124		0		185
325		124		0		185
326		124		0		185
327		124		0		185
328		124		0		185
329		124		0		185
330		124		0		185
331		124		0		185
332		124		0		185
333		124		0		185
334		124		0		185
335		124		0		185
336		124		0		185
337		124		0		185
338		124		0		185
339		124		0		185
340		124		0		185
341		124		0		185
342		124		0		185
343		124		0		185
344		124		0		185
345		124		0		185
346		124		0		185
347		124		0		185
348		124		0		185
349		124		0		185
350		124		0		185
351		124		0		185
352		124		0		185
353		124		0		185
354		124		0		185
355		124		0		185
356		124		0		185
357		124		0		185
358		124		0		185
359		124		0		185
360		124		0		185
361		124		0		185
362		124		0		185
363		124		0		185
364		124		0		185
365		124		0		185
366		124		0		185
367		124		0		185
368		124		0		185
369		124		0		185
370		124		0		185
371		124		0		185
372		124		0		185
373		124		0		185
374		124		0		185
375		124		0		185
376		124		0		185
377		124		0		185
378		124		0		185
379		124		0		185
380		124		0		185
381		124		0		185
382		124		0		185
383		124		0		185
384		124		0		185
385		124		0		185
386		124		0		185
387		124		0		185
388		124		0		185
389		124		0		185
390		124		0		185
391		124		0		185
392		124		0		185
393		124		0		185
394		124		0		185
395		124		0		185
396		124		0		185
397		124		0		185
398		124		0		185
399		124		0		185
400		124		0		185
401		124		0		185
402		124		0		185
403		124		0		185
404		124		0		185
405		124		0		185
406		124		0		185
407		124		0		185
408		124		0		185
409		124		0		185
410		124		0		185
411		124		0		185
412		124		0		185
413		124		0		185
414		124		0		185
415		124		0		185
416		124		0		185
417		124		0		185
418		124		0		185
419		124		0		185
420		124		0		185
421		124		0		185
422		124		0		185
423		124		0		185
424		124		0		185
425		124		0		185
426		124		0		185
427		124		0		185
428		124		0		185
429		124		0		185
430		124		0		185
431		124		0		185
432		124		0		185
433		124		0		185
434		124		0		185
435		124		0		185
436		124		0		185
437		124		0		185
438		124		0		185
439		124		0		185
440		124		0		185
441		124		0		185
442		124		0		185
443		124		0		185
444		124		0		185
445		124		0		185
446		124		0		185
447		124		0		185
448		124		0		185
449		124		0		185
450		124		0		185
451		124		0		185
452		124		0		185
453		124		0		185
454		124		0		185
455		124		0		185
456		124		0		185
457		124		0		185
458		124		0		185
459		124		0		185
460		124		0		185
461		124		0		185
462		124		0		185
463		124		0		185
464		124		0		185
465		124		0		185
466		124		0		185
467		124		0		185
468		124		0		185
469		124		0		185
470		124		0		185
471		124		0		185
472		124		0		185
473		124		0		185
474		124		0		185
475		124		0		185
476		124		0		185
477		124		0		185
478		124		0		185
479		124		0		185
480		124		0		185
481		124		0		185
482		124		0		185
483		124		0		185
484		124		0		185
485		124		0		185
486		124		0		185
487		124		0		185
488		124		0		185
489		124		0		185
490		124		0		185
491		124		0		185
492		124		0		185
493		124		0		185
494		124		0		185
495		124		0		185
496		124		0		185
497		124		0		185
498		124		0		185
499		124		0		185
500		124		0		185
501		124		0		185
502		124		0		185
503		124		0		185
504		124		0		185
505		124		0		185
506		124		0		185
507		124		0		185
508		124		0		185
509		124		0		185
510		124		0		185
511		124		0		185
512		124		0		185
513		124		0		185
514		124		0		185
515		124		0		185
516		124		0		185
517		124		0		185
518		124		0		185
519		124		0		185
520		124		0		185
521		124		0		185
522		124		0		185
523		124		0		185
524		124		0		185
525		124		0		185
526		124		0		185
527		124		0		185
528		124		0		185
529		124		0		185
530		124		0		185
531		124		0		185
532		124		0		185
533		124		0		185
534		124		0		185
535		124		0		185
536		124		0		185
537		124		0		185
538		124		0		185
539		124		0		185
540		124		0		185
541		124		0		185
542		124		0		185
543		124		0		185
544		124		0		185
545		124		0		185
546		124		0		185
547		124		0		185
548		124		0		185
549		124		0		185
550		124		0		185
551		124		0		185
552		124		0		185
553		124		0		185
554		124		0		185
555		124		0		185
556		124		0		185
557		124		0		185
558		124		0		185
559		124		0		185
560		124		0		185
561		124		0		185
562		124		0		185
563		124		0		185
564		124		0		185
565		124		0		185
566		124		0		185
567		124		0		185
568		124		0		185
569		124		0		185
570		124		0		185
571		124		0		185
572		124		0		185
573		124		0		185
574		124		0		185
575		124		0		185
576		124		0		185
577		124		0		185
578		124		0		185
579		124		0		185
580		124		0		185
581		124		0		185
582		124		0		185
583		124		0		185
584		124		0		185
585		124		0		185
586		124		0		185
587		124		0		185
588		124		0		185
589		124		0		185
590		124		0		185
591		124		0		185
592		124		0		185
593		124		0		185
594		124		0		185
595		124		0		185
596		124		0		185
597		124		0		185
598		124		0		185
599		124		0		185
600		124		0		185
601		124		0		185
602		124		0		185
603		124		0		185
604		124		0		185
605		124		0		185
606		124		0		185
607		124		0		185
608		124		0		185
609		124		0		185
610		124		0		185
611		124		0		185
612		124		0		185
613		124		0		185
614		124		0		185
615		124		0		185
616		124		0		185
617		124		0		185
618		124		0		185
619		124		0		185
620		124		0		185
621		124		0		185
622		124		0		185
623		124		0		185
624		124		0		185
625		124		0		185
626		124		0		185
627		124		0		185
628		124		0		185
629		124		0		185
630		124		0		185
631		124		0		185
632		124		0		185
633		124		0		185
634		124		0		185
635		124		0		185
636		124		0		185
637		124		0		185
638		124		0		185
639		124		0		185
640		124		0		185
641		124		0		185
642		124		0		185
643		124		0		185
644		124		0		185
645		124		0		185
646		124		0		185
647		124		0		185
648		124		0		185
649		124		0		185
650		124		0		185
651		124		0		185
652		124		0		185
653		124		0		185
654		124		0		185
655		124		0		185
656		124		0		185
657		124		0		185
658		124		0		185
659		124		0		185
660		124		0		185
661		124		0		185
662		124		0		185
663		124		0		185
664		124		0		185
665		124		0		185
666		124		0		185
667		124		0		185
668		124		0		185
669		124		0		185
670		124		0		185
671		124		0		185
672		124		0		185
673		124		0		185
674		124		0		185
675		124		0		185
676		124		0		185
677		124		0		185
678		124		0		185
679		124		0		185
680		124		0		185
681		124		0		185
682		124		0		185
683		124		0		185
684		124		0		185
685		124		0		185
686		124		0		185
687		124		0		185
688		124		0		185
689		124		0		185
690		124		0		185
691		124		0		185
692		124		0		185
693		124		0		185
694		124		0		185
695		124		0		185
696		124		0		185
697		124		0		185
698		124		0		185
699		124		0		185
700		124		0		185
701		124		0		185
702		124		0		185
703		124		0		185
704		124		0		185
705		124		0		185
706		124		0		185
707		124		0		185
708		124		0		185
709		124		0		185
710		124		0		185
711		124		0		185
712		124		0		185
713		124		0		185
714		124		0		185
715		124		0		185
716		124		0		185
717		124		0		185
718		124		0		185
719		124		0		185
720		124		0		185
721		124		0		185
722		124		0		185
723		124		0		185
724		124		0		185
725		124		0		185
726		124		0		185
727		124		0		185
728		124		0		185
729		124		0		185
730		124		0		185
731		124		0		185
732		124		0		185
733		124		0		185
734		124		0		185
735		124		0		185
736		124		0		185
737		124		0		185
738		124		0		185
739		124		0		185
740		124		0		185
741		124		0		185
742		124		0		185
743		124		0		185
744		124		0		185
745		124		0		185
746		124		0		185
747		124		0		185
748		124		0		185
749		124		0		185
750		124		0		185
751		124		0		185
752		124		0		185
753		124		0		185
754		124		0		185
755		124		0		185
756		124		0		185
757		124		0		185
758		124		0		185
759		124		0		185
760		124		0		185
761		124		0		185
762		124		0		185
763		124		0		185
764		124		0		185
765		124		0		185
766		124		0		185
767		124		0		185
768		124		0		185
769		124		0		185
770		124		0		185
771		124		0		185
772		124		0		185
773		124		0		185
774		124		0		185
775		124		0		185
776		124		0		185
777		124		0		185
778		124		0		185
779		124		0		185
780		124		0		185
781		124		0		185
782		124		0		185
783		124		0		185
784		124		0		185
785		124		0		185
786		124		0		185
787		124		0		185
788		124		0		185
789		124		0		185
790		124		0		185
791		124		0		185
792		124		0		185
793		124		0		185
794		124		0		185
795		124		0		185
796		124		0		185
797		124		0		185
798		124		0		185
799		124		0		185
800		124		0		185
801		124		0		185
802		124		0		185
803		124		0		185
804		124		0		185
805		124		0		185
806		124		0		185
807		124		0		185
808		124		0		185
809		124		0		185
810		124		0		185
811		124		0		185
812		124		0		185
813		124		0		185
814		124		0		185
815		124		0		185
816		124		0		185
817		124		0		185
818		124		0		185
819		124		0		185
820		124		0		185
821		124		0		185
822		124		0		185
823		124		0		185
824		124		0		185
825		124		0		185
826		124		0		185
827		124		0		185
828		124		0		185
829		124		0		185
830		124		0		185
831		124		0		185
832		124		0		185
833		124		0		185
834		124		0		185
835		124		0		185
836		124		0		185
837		124		0		185
838		124		0		185
839		124		0		185
840		124		0		185
841		124		0		185
842		124		0		185
843		124		0		185
844		124		0		185
845		124		0		185
846		124		0		185
847		124		0		185
848		124		0		185
849		124		0		185
850		124		0		185
851		124		0		185
852		124		0		185
853		124		0		185
854		124		0		185
855		124		0		185
856		124		0		185
857		124		0		185
858		124		0		185
859		124		0		185
860		124		0		185
861		124		0		185
862		124		0		185
863		124		0		185
864		124		0		185
865		124		0		185
866		124		0		185
867		124		0		185
868		124		0		185
869		124		0		185
870		124		0		185
871		124		0		185
872		124		0		185
873		124		0		185
874		124		0		185
875		124		0		185
876		124		0		185
877		124		0		185
878		124		0		185
879		124		0		185
880		124		0		185
881		124		0		185
882		124		0		185
883		124		0		185
884		124		0		185
885		124		0		185
886		124		0		185
887		124		0		185
888		124		0		185
889		124		0		185
890		124		0		185
891		124		0		185
892		124		0		185
893		124		0		185
894		124		0		185
895		124		0		185
896		124		0		185
897		124		0		185
898		124		0		185
899		124		0		185
900		124		0		185
901		124		0		185
902		124		0		185
903		124		0		185
904		124		0		185
905		124		0		185
906		124		0		185
907		124		0		185
908		124		0		185
909		124		0		185
910		124		0		185
911		124		0		185
912		124		0		185
913		124		0		185
914		124		0		185
915		124		0		185
916		124		0		185
917		124		0		185
918		124		0		185
919		124		0		185
920		124		0		185
921		124		0		185
922		124		0		185
923		124		0		185
924		124		0		185
925		124		0		185
926		124		0		185
927		124		0		185
928		124		0		185
929		124		0		185
930		124		0		185
931		124		0		185
932		124		0		185
933		124		0		185
934		124		0		185
935		124		0		185
936		124		0		185
937		124		0		185
938		124		0		185
939		124		0		185
940		124		0		185
941		124		0		185
942		124		0		185
943		124		0		185
944		124		0		185
945		124		0		185
946		124		0		185
947		124		0		185
948		124		0		185
949		124		0		185
950		124		0		185
951		124		0		185
952		124		0		185
953		124		0		185
954		124		0		185
955		124		0		185
956		124		0		185
957		124		0		185
958		124		0		185
959		124		0		185
960		124		0		185
961		124		0		185
962		124		0		185
963		124		0		185
964		124		0		185
965		124		0		185
966		124		0		185
967		124		0		185
968		124		0		185
969		124		0		185
970		124		0		185
971		124		0		185
972		124		0		185
973		124		0		185
974		124		0		185
975		124		0		185
976		124		0		185
977		124		0		185
978		124		0		185
979		124		0		185
980		124		0		185
981		124		0		185
982		124		0		185
983		124		0		185
984		124		0		185
985		124		0		185
986		124		0		185
987		124		0		185
988		124		0		185
989		124		0		185
990		124		0		185
991		124		0		185
992		124		0		185
993		124		0		185
994		124		0		185
995		124		0		185
996		124		0		185
997		124		0		185
998		124		0		185
999		124		0		185
