# Migration is number of nodes that have changed color.

Round		Edge-Cut		Swaps		Migrations		Skipped
0		514		246		0
1		422		474		0
2		392		699		0
3		346		920		0
4		345		1149		0
5		324		1373		0
6		308		1597		0
7		254		1818		0
8		239		2041		0
9		227		2253		0
10		208		2468		0
11		226		2683		0
12		213		2906		0
13		229		3121		0
14		229		3344		0
15		236		3559		0
16		255		3774		0
17		208		3988		0
18		217		4212		0
19		209		4424		0
20		216		4650		0
21		223		4865		0
22		192		5083		0
23		196		5293		0
24		188		5507		0
25		192		5724		0
26		190		5926		0
27		206		6139		0
28		198		6365		0
29		198		6578		0
30		191		6786		0
31		200		6996		0
32		209		7218		0
33		194		7431		0
34		198		7645		0
35		204		7865		0
36		191		8074		0
37		185		8300		0
38		204		8514		0
39		209		8727		0
40		194		8942		0
41		203		9157		0
42		177		9365		0
43		167		9583		0
44		143		9795		0
45		150		10002		0
46		171		10215		0
47		188		10427		0
48		174		10639		0
49		173		10849		0
50		184		11062		0
51		183		11281		0
52		200		11500		0
53		192		11720		0
54		188		11937		0
55		183		12158		0
56		186		12379		0
57		197		12587		0
58		181		12791		0
59		174		12992		0
60		174		13207		0
61		182		13406		0
62		180		13626		0
63		185		13833		0
64		193		14050		0
65		189		14275		0
66		213		14487		0
67		230		14700		0
68		233		14921		0
69		233		15134		0
70		215		15344		0
71		214		15557		0
72		187		15766		0
73		178		15974		0
74		186		16186		0
75		198		16398		0
76		210		16601		0
77		211		16817		0
78		213		17027		0
79		216		17249		0
80		220		17471		0
81		225		17683		0
82		217		17891		0
83		206		18106		0
84		208		18315		0
85		191		18523		0
86		190		18725		0
87		191		18934		0
88		197		19141		0
89		219		19355		0
90		213		19560		0
91		214		19777		0
92		227		19991		0
93		219		20200		0
94		220		20419		0
95		173		20638		0
96		173		20845		0
97		154		21048		0
98		156		21258		0
99		162		21464		0
100		160		21665		0
101		173		21864		0
102		165		22073		0
103		151		22284		0
104		153		22499		0
105		171		22715		0
106		160		22930		0
107		178		23145		0
108		175		23361		0
109		178		23574		0
110		176		23786		0
111		172		23998		0
112		147		24203		0
113		143		24406		0
114		143		24611		0
115		134		24820		0
116		134		25029		0
117		134		25243		0
118		135		25457		0
119		127		25671		0
120		131		25875		0
121		133		26085		0
122		139		26295		0
123		140		26499		0
124		144		26706		0
125		146		26916		0
126		147		27120		0
127		151		27337		0
128		154		27539		0
129		158		27746		0
130		161		27944		0
131		160		28158		0
132		161		28364		0
133		160		28568		0
134		149		28780		0
135		152		29004		0
136		154		29215		0
137		158		29428		0
138		160		29640		0
139		153		29863		0
140		155		30066		0
141		159		30281		0
142		160		30498		0
143		160		30714		0
144		159		30926		0
145		148		31140		0
146		149		31346		0
147		156		31557		0
148		159		31772		0
149		163		31978		0
150		145		32178		0
151		143		32382		0
152		142		32595		0
153		136		32803		0
154		136		33011		0
155		143		33225		0
156		149		33449		0
157		154		33651		0
158		146		33869		0
159		147		34077		0
160		144		34278		0
161		147		34485		0
162		150		34687		0
163		154		34894		0
164		149		35105		0
165		150		35314		0
166		157		35526		0
167		152		35728		0
168		146		35939		0
169		145		36146		0
170		149		36359		0
171		140		36575		0
172		140		36767		0
173		141		36972		0
174		145		37176		0
175		138		37398		0
176		134		37592		0
177		134		37792		0
178		129		37995		0
179		131		38207		0
180		133		38411		0
181		130		38619		0
182		127		38834		0
183		123		39048		0
184		129		39255		0
185		129		39457		0
186		118		39655		0
187		118		39861		0
188		120		40067		0
189		119		40255		0
190		117		40459		0
191		117		40663		0
192		121		40859		0
193		125		41064		0
194		131		41280		0
195		133		41488		0
196		137		41697		0
197		129		41901		0
198		126		42110		0
199		121		42318		0
200		123		42517		0
201		123		42724		0
202		126		42933		0
203		128		43137		0
204		126		43338		0
205		127		43546		0
206		120		43759		0
207		120		43969		0
208		122		44172		0
209		124		44375		0
210		121		44586		0
211		124		44795		0
212		108		45001		0
213		111		45207		0
214		106		45420		0
215		109		45622		0
216		105		45828		0
217		102		46046		0
218		102		46258		0
219		101		46458		0
220		103		46665		0
221		101		46863		0
222		101		47069		0
223		101		47275		0
224		101		47480		0
225		102		47689		0
226		102		47886		0
227		98		48091		0
228		103		48297		0
229		103		48498		0
230		105		48697		0
231		103		48902		0
232		101		49106		0
233		102		49311		0
234		99		49527		0
235		99		49735		0
236		100		49935		0
237		100		50144		0
238		100		50347		0
239		102		50554		0
240		99		50759		0
241		99		50968		0
242		97		51187		0
243		95		51391		0
244		95		51603		0
245		96		51810		0
246		96		52025		0
247		97		52223		0
248		97		52427		0
249		97		52630		0
250		94		52836		0
251		91		53035		0
252		92		53239		0
253		92		53449		0
254		92		53653		0
255		92		53850		0
256		93		54050		0
257		94		54253		0
258		95		54457		0
259		94		54672		0
260		94		54876		0
261		94		55075		0
262		85		55268		0
263		85		55474		0
264		85		55678		0
265		85		55887		0
266		85		56094		0
267		84		56300		0
268		84		56507		0
269		84		56710		0
270		84		56914		0
271		84		57122		0
272		86		57328		0
273		86		57534		0
274		86		57735		0
275		86		57928		0
276		86		58126		0
277		86		58331		0
278		86		58546		0
279		86		58753		0
280		88		58965		0
281		88		59172		0
282		88		59375		0
283		88		59583		0
284		88		59794		0
285		89		59997		0
286		89		60202		0
287		89		60409		0
288		91		60616		0
289		89		60825		0
290		89		61032		0
291		89		61246		0
292		89		61461		0
293		89		61680		0
294		89		61885		0
295		89		62092		0
296		89		62298		0
297		91		62504		0
298		91		62712		0
299		91		62925		0
300		87		63133		0
301		87		63333		0
302		87		63529		0
303		87		63725		0
304		87		63940		0
305		87		64141		0
306		89		64350		0
307		89		64558		0
308		85		64762		0
309		85		64961		0
310		85		65163		0
311		85		65369		0
312		85		65570		0
313		85		65770		0
314		85		65973		0
315		85		66166		0
316		85		66363		0
317		85		66574		0
318		85		66791		0
319		85		66998		0
320		85		67199		0
321		85		67394		0
322		85		67605		0
323		85		67808		0
324		85		68007		0
325		85		68214		0
326		85		68410		0
327		85		68624		0
328		85		68834		0
329		85		69042		0
330		85		69251		0
331		85		69452		0
332		85		69668		0
333		85		69867		0
334		85		69867		0
335		84		69868		0
336		84		69868		0
337		84		69868		0
338		84		69868		0
339		84		69868		0
340		84		69868		0
341		84		69868		0
342		84		69868		0
343		84		69868		0
344		84		69868		0
345		84		69868		0
346		84		69868		0
347		84		69868		0
348		84		69868		0
349		84		69868		0
350		84		69868		0
351		84		69868		0
352		84		69868		0
353		84		69868		0
354		84		69868		0
355		85		69869		0
356		85		69869		0
357		85		69869		0
358		85		69869		0
359		85		69869		0
360		86		69870		0
361		86		69870		0
362		86		69870		0
363		86		69870		0
364		86		69870		0
365		86		69870		0
366		86		69870		0
367		86		69870		0
368		86		69870		0
369		86		69870		0
370		86		69870		0
371		86		69870		0
372		86		69870		0
373		85		69871		0
374		85		69871		0
375		85		69871		0
376		85		69871		0
377		86		69872		0
378		86		69872		0
379		86		69872		0
380		86		69872		0
381		86		69872		0
382		86		69872		0
383		86		69872		0
384		86		69872		0
385		86		69872		0
386		86		69872		0
387		86		69872		0
388		86		69872		0
389		85		69873		0
390		85		69873		0
391		85		69873		0
392		85		69873		0
393		85		69873		0
394		85		69873		0
395		85		69873		0
396		85		69873		0
397		86		69874		0
398		86		69874		0
399		86		69874		0
400		86		70086		0
401		86		70291		0
402		100		70491		0
403		100		70700		0
404		109		70901		0
405		124		71123		0
406		126		71326		0
407		126		71543		0
408		114		71755		0
409		115		71968		0
410		115		72172		0
411		118		72389		0
412		115		72607		0
413		119		72821		0
414		121		73033		0
415		111		73247		0
416		122		73458		0
417		113		73662		0
418		109		73871		0
419		102		74074		0
420		94		74273		0
421		102		74465		0
422		110		74679		0
423		117		74877		0
424		124		75093		0
425		116		75301		0
426		126		75513		0
427		112		75724		0
428		103		75920		0
429		100		76118		0
430		114		76335		0
431		120		76540		0
432		138		76753		0
433		163		76966		0
434		153		77179		0
435		163		77390		0
436		165		77612		0
437		156		77828		0
438		158		78048		0
439		166		78264		0
440		160		78481		0
441		151		78693		0
442		166		78904		0
443		124		79113		0
444		118		79326		0
445		122		79536		0
446		125		79743		0
447		137		79950		0
448		145		80162		0
449		147		80369		0
450		150		80581		0
451		152		80790		0
452		155		80995		0
453		160		81205		0
454		168		81430		0
455		171		81643		0
456		163		81844		0
457		139		82060		0
458		143		82275		0
459		151		82479		0
460		138		82687		0
461		132		82898		0
462		128		83106		0
463		130		83321		0
464		133		83520		0
465		132		83734		0
466		140		83943		0
467		148		84160		0
468		149		84368		0
469		141		84588		0
470		137		84804		0
471		129		85005		0
472		119		85211		0
473		122		85417		0
474		120		85622		0
475		125		85825		0
476		108		86030		0
477		111		86231		0
478		120		86444		0
479		120		86647		0
480		109		86860		0
481		117		87074		0
482		117		87281		0
483		128		87495		0
484		127		87709		0
485		127		87920		0
486		127		88122		0
487		118		88335		0
488		120		88548		0
489		127		88761		0
490		125		88968		0
491		127		89173		0
492		113		89380		0
493		136		89585		0
494		136		89787		0
495		131		89988		0
496		131		90196		0
497		135		90410		0
498		127		90615		0
499		125		90822		0
500		121		91035		0
501		121		91248		0
502		124		91447		0
503		128		91655		0
504		114		91859		0
505		121		92066		0
506		117		92269		0
507		104		92476		0
508		114		92684		0
509		114		92890		0
510		120		93092		0
511		122		93309		0
512		125		93505		0
513		125		93711		0
514		121		93910		0
515		112		94121		0
516		113		94339		0
517		119		94543		0
518		102		94751		0
519		104		94960		0
520		96		95165		0
521		96		95381		0
522		96		95588		0
523		98		95787		0
524		99		95988		0
525		99		96191		0
526		100		96398		0
527		100		96606		0
528		100		96806		0
529		102		97013		0
530		103		97223		0
531		103		97425		0
532		103		97635		0
533		99		97846		0
534		104		98056		0
535		99		98267		0
536		99		98470		0
537		99		98674		0
538		98		98884		0
539		98		99093		0
540		99		99297		0
541		95		99510		0
542		95		99725		0
543		99		99943		0
544		101		100146		0
545		101		100352		0
546		104		100558		0
547		104		100766		0
548		105		100975		0
549		101		101177		0
550		99		101391		0
551		106		101602		0
552		105		101804		0
553		98		102011		0
554		104		102228		0
555		104		102436		0
556		105		102652		0
557		106		102850		0
558		107		103045		0
559		105		103255		0
560		99		103474		0
561		99		103694		0
562		104		103903		0
563		104		104121		0
564		109		104318		0
565		109		104522		0
566		114		104728		0
567		116		104943		0
568		116		105150		0
569		117		105359		0
570		111		105579		0
571		104		105792		0
572		104		105998		0
573		104		106208		0
574		105		106411		0
575		106		106621		0
576		104		106828		0
577		105		107035		0
578		105		107247		0
579		105		107446		0
580		104		107656		0
581		102		107859		0
582		102		108071		0
583		102		108289		0
584		102		108498		0
585		95		108697		0
586		96		108899		0
587		95		109102		0
588		95		109303		0
589		98		109505		0
590		97		109711		0
591		93		109919		0
592		93		110121		0
593		93		110329		0
594		93		110535		0
595		93		110745		0
596		89		110943		0
597		88		111144		0
598		85		111370		0
599		85		111571		0
600		85		111781		0
601		85		111983		0
602		85		112187		0
603		89		112392		0
604		89		112597		0
605		89		112807		0
606		93		113009		0
607		93		113211		0
608		95		113413		0
609		97		113626		0
610		97		113828		0
611		95		114038		0
612		89		114257		0
613		89		114458		0
614		89		114661		0
615		89		114877		0
616		89		115092		0
617		89		115300		0
618		89		115505		0
619		91		115706		0
620		91		115914		0
621		94		116118		0
622		93		116327		0
623		91		116532		0
624		89		116739		0
625		89		116944		0
626		91		117147		0
627		94		117359		0
628		91		117564		0
629		93		117764		0
630		91		117958		0
631		93		118163		0
632		93		118358		0
633		93		118557		0
634		93		118765		0
635		91		118968		0
636		93		119180		0
637		89		119386		0
638		89		119590		0
639		89		119789		0
640		85		119997		0
641		84		120206		0
642		84		120398		0
643		84		120596		0
644		84		120814		0
645		84		121019		0
646		84		121222		0
647		84		121425		0
648		84		121641		0
649		84		121840		0
650		84		122041		0
651		84		122244		0
652		87		122443		0
653		87		122648		0
654		87		122858		0
655		87		123059		0
656		87		123252		0
657		87		123453		0
658		87		123648		0
659		87		123855		0
660		87		124057		0
661		87		124263		0
662		87		124466		0
663		87		124675		0
664		87		124884		0
665		90		125095		0
666		90		125297		0
667		90		125496		0
668		90		125694		0
669		90		125898		0
670		90		126107		0
671		90		126312		0
672		90		126513		0
673		90		126720		0
674		87		126927		0
675		87		127138		0
676		90		127332		0
677		90		127526		0
678		90		127736		0
679		90		127945		0
680		90		128155		0
681		87		128364		0
682		87		128563		0
683		90		128770		0
684		90		128970		0
685		92		129180		0
686		94		129371		0
687		94		129582		0
688		94		129793		0
689		94		129997		0
690		94		130209		0
691		96		130410		0
692		96		130611		0
693		96		130817		0
694		96		131021		0
695		96		131220		0
696		96		131423		0
697		96		131626		0
698		96		131835		0
699		94		132053		0
700		94		132269		0
701		94		132477		0
702		94		132683		0
703		92		132873		0
704		92		133079		0
705		92		133281		0
706		92		133478		0
707		92		133692		0
708		92		133896		0
709		94		134098		0
710		94		134309		0
711		94		134525		0
712		94		134728		0
713		88		134933		0
714		88		135141		0
715		88		135351		0
716		88		135551		0
717		88		135753		0
718		88		135951		0
719		88		136153		0
720		88		136361		0
721		88		136568		0
722		88		136781		0
723		88		136993		0
724		88		137192		0
725		88		137399		0
726		90		137609		0
727		91		137815		0
728		91		138024		0
729		91		138237		0
730		91		138446		0
731		91		138657		0
732		89		138868		0
733		89		139070		0
734		89		139070		0
735		87		139071		0
736		85		139072		0
737		85		139072		0
738		85		139072		0
739		85		139072		0
740		85		139072		0
741		85		139072		0
742		85		139072		0
743		85		139072		0
744		85		139072		0
745		85		139072		0
746		85		139072		0
747		85		139072		0
748		85		139072		0
749		85		139072		0
750		85		139072		0
751		85		139072		0
752		85		139072		0
753		85		139072		0
754		85		139072		0
755		85		139072		0
756		85		139072		0
757		85		139072		0
758		85		139072		0
759		85		139072		0
760		85		139072		0
761		85		139072		0
762		85		139072		0
763		85		139072		0
764		85		139072		0
765		85		139072		0
766		85		139072		0
767		85		139072		0
768		85		139072		0
769		85		139072		0
770		85		139072		0
771		85		139072		0
772		85		139072		0
773		85		139072		0
774		84		139073		0
775		84		139073		0
776		84		139073		0
777		84		139073		0
778		84		139073		0
779		84		139073		0
780		84		139073		0
781		84		139073		0
782		84		139073		0
783		84		139073		0
784		84		139073		0
785		84		139073		0
786		84		139073		0
787		84		139073		0
788		84		139073		0
789		84		139073		0
790		84		139073		0
791		84		139073		0
792		84		139073		0
793		84		139073		0
794		84		139073		0
795		84		139073		0
796		84		139073		0
797		84		139073		0
798		84		139073		0
799		84		139073		0
800		85		139074		0
801		85		139074		0
802		85		139074		0
803		85		139074		0
804		85		139074		0
805		85		139074		0
806		85		139074		0
807		85		139074		0
808		85		139074		0
809		85		139074		0
810		85		139074		0
811		85		139074		0
812		85		139074		0
813		85		139074		0
814		85		139074		0
815		85		139074		0
816		85		139074		0
817		85		139074		0
818		85		139074		0
819		85		139074		0
820		85		139074		0
821		85		139074		0
822		85		139074		0
823		85		139074		0
824		85		139074		0
825		85		139074		0
826		85		139074		0
827		85		139074		0
828		85		139074		0
829		85		139074		0
830		85		139074		0
831		85		139074		0
832		85		139074		0
833		85		139074		0
834		85		139074		0
835		85		139074		0
836		85		139074		0
837		85		139074		0
838		85		139074		0
839		85		139074		0
840		85		139074		0
841		85		139074		0
842		85		139074		0
843		85		139074		0
844		85		139074		0
845		85		139074		0
846		85		139074		0
847		85		139074		0
848		85		139074		0
849		85		139074		0
850		85		139074		0
851		85		139074		0
852		85		139074		0
853		85		139074		0
854		85		139074		0
855		85		139074		0
856		85		139074		0
857		85		139074		0
858		85		139074		0
859		85		139074		0
860		85		139074		0
861		85		139074		0
862		85		139074		0
863		85		139074		0
864		85		139074		0
865		84		139075		0
866		84		139075		0
867		84		139075		0
868		84		139075		0
869		84		139075		0
870		84		139075		0
871		84		139075		0
872		84		139075		0
873		84		139075		0
874		84		139075		0
875		84		139075		0
876		84		139075		0
877		84		139075		0
878		84		139075		0
879		84		139075		0
880		84		139075		0
881		84		139075		0
882		84		139075		0
883		84		139075		0
884		84		139075		0
885		84		139075		0
886		84		139075		0
887		84		139075		0
888		84		139075		0
889		84		139075		0
890		84		139075		0
891		84		139075		0
892		84		139075		0
893		84		139075		0
894		84		139075		0
895		84		139075		0
896		84		139075		0
897		84		139075		0
898		84		139075		0
899		84		139075		0
900		84		139075		0
901		84		139075		0
902		84		139075		0
903		84		139075		0
904		84		139075		0
905		84		139075		0
906		84		139075		0
907		84		139075		0
908		84		139075		0
909		84		139075		0
910		84		139075		0
911		84		139075		0
912		84		139075		0
913		84		139075		0
914		84		139075		0
915		84		139075		0
916		84		139075		0
917		84		139075		0
918		84		139075		0
919		84		139075		0
920		84		139075		0
921		84		139075		0
922		84		139075		0
923		84		139075		0
924		84		139075		0
925		84		139075		0
926		85		139076		0
927		85		139076		0
928		85		139076		0
929		85		139076		0
930		85		139076		0
931		85		139076		0
932		85		139076		0
933		85		139076		0
934		85		139076		0
935		85		139076		0
936		85		139076		0
937		85		139076		0
938		85		139076		0
939		85		139076		0
940		85		139076		0
941		85		139076		0
942		85		139076		0
943		85		139076		0
944		85		139076		0
945		85		139076		0
946		85		139076		0
947		85		139076		0
948		85		139076		0
949		85		139076		0
950		85		139076		0
951		85		139076		0
952		85		139076		0
953		85		139076		0
954		85		139076		0
955		85		139076		0
956		85		139076		0
957		85		139076		0
958		85		139076		0
959		85		139076		0
960		85		139076		0
961		85		139076		0
962		85		139076		0
963		84		139077		0
964		84		139077		0
965		84		139077		0
966		84		139077		0
967		84		139077		0
968		85		139078		0
969		85		139078		0
970		85		139078		0
971		85		139078		0
972		85		139078		0
973		85		139078		0
974		85		139078		0
975		85		139078		0
976		85		139078		0
977		85		139078		0
978		85		139078		0
979		85		139078		0
980		85		139078		0
981		85		139078		0
982		85		139078		0
983		85		139078		0
984		85		139078		0
985		85		139078		0
986		84		139079		0
987		84		139079		0
988		84		139079		0
989		84		139079		0
990		84		139079		0
991		84		139079		0
992		84		139079		0
993		84		139079		0
994		84		139079		0
995		84		139079		0
996		84		139079		0
997		84		139079		0
998		84		139079		0
999		84		139079		0
